109
113
114
115
116
117
119
120
121
122
124
125
126
127
128
129
130
131
132
133
134
135
136
137
139
140
141
142
144
145
146
150
151
152
155
156
157
159
160
162
163
164
165
167
168
169
170
171
172
173
174
175
177
179
181
182
183
184
185
186
187
188
190
192
193
194
195
196
197
301
302
303
304
306
307
308
309
310
312
313
314
315
316
317
320
321
322
323
324
325
326
327
328
329
330
331
332
333
334
335
336
337
340
341
342
343
344
346
347
348
349
350
351
352
353
354
355
357
359
360
361
362
363
364
365
366
367
368
369
370
371
372
373
374
375
376
377
378
