-------------------------------------------------------------------------------
all_tds_samples
Running /Users/ralph/Documents/tds/tds_repo/fMRI/scripts/ppc/spm/tds_dartel_template.m
-------------------------------------------------------------------------------

                            < M A T L A B (R) >
                  Copyright 1984-2015 The MathWorks, Inc.
                   R2015b (8.6.0.267246) 64-bit (maci64)
                              August 20, 2015

 
To get started, type one of these: helpwin, helpdesk, or demo.
For product information, visit www.mathworks.com.
 

	Academic License



------------------------------------------------------------------------
Running job #1
------------------------------------------------------------------------
Running 'File Selector (Batch Mode)'
Done    'File Selector (Batch Mode)'
Running 'File Selector (Batch Mode)'
Done    'File Selector (Batch Mode)'
Running 'File Selector (Batch Mode)'
Done    'File Selector (Batch Mode)'
Running 'File Selector (Batch Mode)'
Done    'File Selector (Batch Mode)'
Running 'File Selector (Batch Mode)'
Done    'File Selector (Batch Mode)'
Running 'File Selector (Batch Mode)'
Done    'File Selector (Batch Mode)'
Running 'Run Dartel (create Templates)'
 1602.68, 47.4156, 9.93813, 1.20403, 0.475101, 0.268098, 0.172327, 0.119738,
1 1	814702	0	814702	274.591
1 2	1.16646e+06	0	1.16646e+06	329.292
1 3	805864	0	805864	298.886
1 4	770348	0	770348	250.896
1 5	741945	0	741945	271.032
1 6	906358	0	906358	315.43
1 7	1.26859e+06	0	1.26859e+06	412.287
1 8	927694	0	927694	304.558
1 9	1.19283e+06	0	1.19283e+06	378.476
1 10	815489	0	815489	273.888
1 11	894536	0	894536	302.818
1 12	750231	0	750231	287.632
1 13	789049	0	789049	267.674
1 14	768876	0	768876	252.131
1 15	1.08746e+06	0	1.08746e+06	377.177
1 16	709455	0	709455	221.614
1 17	655717	0	655717	209.614
1 18	969136	0	969136	312.789
1 19	807009	0	807009	293.488
1 20	682143	0	682143	212.147
1 21	859433	0	859433	291.286
1 22	704965	0	704965	230.032
1 23	739411	0	739411	235.163
1 24	753160	0	753160	272.366
1 25	928370	0	928370	309.497
1 26	1.21663e+06	0	1.21663e+06	404.448
1 27	745927	0	745927	261.046
1 28	705898	0	705898	220.024
1 29	727331	0	727331	243.035
1 30	830591	0	830591	325.21
1 31	709938	0	709938	232.782
1 32	782583	0	782583	256.549
1 33	724111	0	724111	230.614
1 34	728303	0	728303	242.304
1 35	694244	0	694244	244.78
1 36	687316	0	687316	224.875
1 37	789569	0	789569	284.855
1 38	771999	0	771999	270.812
1 39	639006	0	639006	199.577
1 40	663395	0	663395	219.742
1 41	936186	0	936186	317.143
1 42	656247	0	656247	211.952
1 43	777160	0	777160	263.696
1 44	773459	0	773459	258.059
1 45	729571	0	729571	228.002
1 46	1.09692e+06	0	1.09692e+06	358.779
1 47	710372	0	710372	240.533
1 48	707892	0	707892	238.068
1 49	695493	0	695493	217.596
1 50	778007	0	778007	292.276
1 51	972658	0	972658	355.664
1 52	738571	0	738571	241.602
1 53	914812	0	914812	270.799
1 54	796381	0	796381	298.12
1 55	675023	0	675023	239.237
1 56	699787	0	699787	248.276
1 57	763400	0	763400	277.162
1 58	653451	0	653451	202.489
1 59	722356	0	722356	272.334
1 60	795287	0	795287	264.529
1 61	725669	0	725669	240.022
1 62	771412	0	771412	277.801
1 63	676676	0	676676	221.127
1 64	653478	0	653478	231.417
1 65	1.4388e+06	0	1.4388e+06	419.714
1 66	793860	0	793860	280.086
1 67	764800	0	764800	248.142
1 68	689643	0	689643	249.173
1 69	725243	0	725243	246.079
1 70	658691	0	658691	218.049
1 71	664345	0	664345	212.45
1 72	672549	0	672549	226.628
1 73	662677	0	662677	224.456
1 74	757339	0	757339	247.644
1 75	665841	0	665841	211.642
1 76	863302	0	863302	254.746
1 77	837845	0	837845	289.8
1 78	667265	0	667265	221.658
1 79	770390	0	770390	261.102
1 80	815332	0	815332	259.662
1 81	721716	0	721716	241.356
1 82	781641	0	781641	270.522
1 83	706592	0	706592	246.823
1 84	690390	0	690390	249.268
1 85	748708	0	748708	278.56
1 86	762125	0	762125	238.59
1 87	702653	0	702653	235.981
1 88	762661	0	762661	294.644
1 89	883655	0	883655	292.706
1 90	744874	0	744874	250.798
1 91	683729	0	683729	214.054
1 92	759976	0	759976	257.038
1 93	1.08121e+06	0	1.08121e+06	363.067
1 94	628124	0	628124	190.331
1 95	828325	0	828325	293.649
1 96	839586	0	839586	322.713
1 97	723923	0	723923	245.063
1 98	840730	0	840730	303.421
1 99	951766	0	951766	318.383
1 100	700053	0	700053	256.385
1 101	729514	0	729514	240.7
1 102	644702	0	644702	202.025
1 103	667337	0	667337	219.454
1 104	1.39685e+06	0	1.39685e+06	422.423
1 105	802046	0	802046	302.947
1 106	685838	0	685838	221.934
1 107	708529	0	708529	232.317
1 108	676363	0	676363	212.003
1 109	728721	0	728721	265.665
1 110	693909	0	693909	224.272
1 111	914778	0	914778	321.352
1 112	730724	0	730724	253.803
1 113	952714	0	952714	306.656
1 114	748236	0	748236	236.953
1 115	886971	0	886971	301.371
1 116	1.24677e+06	0	1.24677e+06	320.414
1 117	805700	0	805700	290.101
1 118	759990	0	759990	237.79
1 119	813628	0	813628	275.971
1 120	757531	0	757531	262.631
1 121	1.08487e+06	0	1.08487e+06	413.252
1 122	747805	0	747805	241.309
1 123	763734	0	763734	255.531
1 124	754538	0	754538	249.001
1 125	706331	0	706331	235.571
1 126	806415	0	806415	300.871
1 127	665721	0	665721	210.249
1 128	712886	0	712886	241.479
1 129	1.13384e+06	0	1.13384e+06	362.309
1 130	759738	0	759738	286.063
1 131	719644	0	719644	233.94
1 132	712191	0	712191	260.265
1 133	716406	0	716406	239.511
1 134	737846	0	737846	251.581
1 135	694698	0	694698	238.441
1 136	840322	0	840322	305.925
1 137	667578	0	667578	223.157
1 138	716280	0	716280	249.765
1 139	931437	0	931437	322.715
1 140	667303	0	667303	214.802
1 141	707385	0	707385	211.202
1 142	860394	0	860394	332.127
1 143	803678	0	803678	247.331
1 144	659821	0	659821	218.495
1 145	671906	0	671906	219.27
 1723.4, 39.5126, 9.0479, 1.11256, 0.44757, 0.254609, 0.164864, 0.114896,
2 1	630177	32068.5	662245	184.308
2 2	1.05048e+06	43402.9	1.09388e+06	356.43
2 3	577480	48127	625607	246.373
2 4	607649	25525.6	633174	160.454
2 5	555211	33895.9	589107	167.198
2 6	670766	47152.8	717918	266.027
2 7	800217	102589	902806	655.515
2 8	686917	44346.4	731264	613.841
2 9	821499	83623.6	905122	671.27
2 10	625264	33131.7	658396	168.083
2 11	667114	46509.8	713624	394.921
2 12	540866	38718	579584	172.972
2 13	614164	30034.5	644199	211.569
2 14	604218	26976.9	631195	138.15
2 15	728514	81602.6	810117	594.878
2 16	605816	17482.4	623299	324.477
2 17	558390	13693.9	572084	201.384
2 18	739526	54852.8	794378	679.605
2 19	590972	46231.3	637203	199.942
2 20	572586	14313.7	586900	347.989
2 21	648693	40143.3	688836	165.347
2 22	589089	17932.1	607021	384.155
2 23	600459	20232.4	620691	162.997
2 24	568696	34258.7	602955	238.926
2 25	687379	53697.5	741076	522.031
2 26	758350	101352	859703	407.367
2 27	594964	34181.9	629145	226.103
2 28	581635	19179	600814	166.426
2 29	598717	23279.5	621996	187.634
2 30	563477	52489	615966	174.923
2 31	574679	21347.1	596026	139.611
2 32	613621	28082.8	641704	187.747
2 33	580507	21079.8	601586	165.835
2 34	589954	22011.6	611966	148.156
2 35	537561	22700.7	560262	136.998
2 36	553881	16530.1	570411	146.762
2 37	578163	40799.6	618963	170.631
2 38	588654	32523.1	621177	253.625
2 39	544074	10637	554711	215.597
2 40	546715	14828.8	561544	262.579
2 41	675966	52315.9	728282	263.493
2 42	539673	13339.7	553012	121.163
2 43	602040	29505.3	631545	192.821
2 44	599371	27500.3	626872	138.227
2 45	605011	17666.3	622677	298.854
2 46	768182	75284.9	843467	367.823
2 47	571778	22016.8	593795	149.263
2 48	559872	21894.3	581766	284.351
2 49	578021	16311.5	594333	201.515
2 50	556431	38481.8	594913	166.93
2 51	633072	73715.9	706787	234.551
2 52	608684	23561.4	632245	522.68
2 53	750874	34332.1	785206	179.101
2 54	582045	44187.8	626233	237.326
2 55	535232	23065.6	558298	204.758
2 56	553120	24408.6	577529	275.234
2 57	559541	35448.9	594990	158.091
2 58	551086	12721.1	563807	236.452
2 59	540232	32288.5	572521	180.276
2 60	619868	29370.9	649239	551.149
2 61	590738	20944.1	611682	183.204
2 62	596912	36364.3	633276	190.065
2 63	560708	16526.8	577235	212.86
2 64	513858	20459.7	534318	151.285
2 65	923845	130164	1.05401e+06	753.985
2 66	591941	42300.8	634242	174.997
2 67	598050	26514.3	624565	152.739
2 68	538862	25524.5	564387	145.538
2 69	614697	22923.9	637621	162.796
2 70	542965	14930.5	557895	133.451
2 71	557628	14035.4	571663	247.775
2 72	548948	18977.7	567926	239.796
2 73	545767	18545	564312	154.156
2 74	619895	23914.9	643809	582.004
2 75	551552	16019.6	567571	230.491
2 76	727324	28484	755808	553.361
2 77	622755	42283	665038	402.784
2 78	546501	16935.9	563437	142.662
2 79	618479	27935.3	646414	546.072
2 80	649745	29723.3	679468	197.357
2 81	571727	21962.8	593689	299.543
2 82	601651	28142.9	629794	383.693
2 83	589219	21652.6	610871	185.264
2 84	528468	24574.1	553042	155.605
2 85	562797	34340.5	597138	283.939
2 86	627694	24279.6	651974	620.403
2 87	567637	19874.1	587511	199.033
2 88	546784	39161.8	585946	191.317
2 89	668643	41658.1	710301	285.523
2 90	593293	23225.4	616518	479.335
2 91	573201	14505.8	587706	208.696
2 92	589931	29098.3	619030	170.701
2 93	746828	70824.2	817652	423.279
2 94	529968	9293.17	539261	128.595
2 95	619407	37011.7	656419	286.806
2 96	612539	49572.2	662111	432.005
2 97	576905	23419.3	600324	172.404
2 98	596687	48059.5	644746	217.52
2 99	721506	52750.4	774256	389.125
2 100	530472	27010.4	557483	152.085
2 101	601908	21034.1	622942	144.519
2 102	550061	11691.3	561752	156.213
2 103	547676	15681.5	563357	130.464
2 104	885678	122498	1.00818e+06	656.736
2 105	557927	44690.9	602618	202.13
2 106	567497	15498.6	582996	138.725
2 107	588582	18617.1	607199	243.772
2 108	558739	14118.8	572858	182.051
2 109	557757	31912.7	589670	138.83
2 110	567496	16752.1	584248	308.189
2 111	661649	50284.4	711933	442.376
2 112	575247	22637.1	597884	443.225
2 113	747735	52571	800306	663.194
2 114	603380	22830.1	626210	237.301
2 115	746900	46656.3	793557	864.923
2 116	1.13656e+06	46951	1.18351e+06	328.277
2 117	599307	41547.7	640854	295.488
2 118	632920	24118.6	657039	374.786
2 119	661315	30622.1	691938	498.238
2 120	603667	28844.3	632511	218.343
2 121	642215	94672.3	736887	260.485
2 122	616579	23475.8	640055	448.916
2 123	607256	26119.6	633375	287.01
2 124	608489	23724.4	632214	272.861
2 125	595460	22999	618459	156.862
2 126	562307	45390.4	607697	165.614
2 127	546202	15490.4	561692	149.409
2 128	578357	22227.4	600584	136.285
2 129	784599	76121.3	860720	502.365
2 130	541022	38708.7	579731	202.481
2 131	589659	20503.2	610162	155.21
2 132	534474	28770.6	563245	144.69
2 133	573755	21375	595130	132.873
2 134	590834	25462.9	616297	333.788
2 135	567564	20056.5	587621	191.731
2 136	604505	49539.5	654044	192.14
2 137	553722	16086.2	569808	203.568
2 138	560744	23975	584719	181.996
2 139	721964	56154.8	778118	491.316
2 140	548560	15342.2	563902	164.096
2 141	595083	16767.8	611851	272.996
2 142	578164	55943.7	634107	177.856
2 143	677382	25532.3	702914	753.399
2 144	538404	15154.4	553558	124.483
2 145	549490	16016.4	565506	133.597
 1751.09, 37.5261, 8.71363, 1.10526, 0.444682, 0.252501, 0.163499, 0.114143,
3 1	593546	50445.5	643991	66.7015
3 2	1.02927e+06	74058.3	1.10333e+06	188.708
3 3	535101	73205.3	608306	109.885
3 4	576438	39554.9	615993	65.2332
3 5	521044	51718.3	572762	58.2659
3 6	618736	75113.7	693850	100.497
3 7	662943	173475	836419	214.946
3 8	619678	82024.6	701702	193.353
3 9	700929	146715	847645	198.551
3 10	587402	52980.6	640383	65.6323
3 11	620162	72879.3	693041	106.049
3 12	497312	60544.8	557856	58.9745
3 13	579208	47591.1	626799	68.838
3 14	575540	41358.9	616899	56.9973
3 15	646651	132435	779086	237.838
3 16	578619	31981.8	610600	133.99
3 17	538269	21869.6	560139	66.7933
3 18	675409	98245.4	773654	264.736
3 19	550568	72033.6	622601	90.1258
3 20	547112	22781.9	569894	90.7589
3 21	604526	63314.7	667841	64.3938
3 22	560464	31827.1	592292	139.298
3 23	573556	32162.9	605719	66.2083
3 24	531865	53845	585710	79.7105
3 25	632073	89807.8	721881	235.774
3 26	667298	153484	820781	142.956
3 27	563775	55364.9	619140	114.929
3 28	559260	30049.9	589310	71.0419
3 29	571723	38358.3	610081	71.012
3 30	512903	80061.1	592964	66.7479
3 31	547983	33959.6	581943	64.1611
3 32	572388	47169.3	619557	71.3098
3 33	549836	34683	584519	73.536
3 34	563104	35148.1	598252	64.9741
3 35	507632	34999.4	542632	53.6037
3 36	527337	26127.5	553464	61.3592
3 37	534606	64712.1	599318	72.9878
3 38	558069	48663.6	606732	130.61
3 39	522800	17968.9	540769	68.9515
3 40	520891	24094.1	544985	81.5987
3 41	626728	80408.8	707136	90.89
3 42	516694	20656	537350	46.345
3 43	568884	45288.9	614173	71.0908
3 44	564968	43137.1	608105	59.316
3 45	578613	28749.2	607362	91.0138
3 46	699328	118634	817962	103.812
3 47	542664	34803.9	577468	56.0906
3 48	527151	35773.8	562925	72.7649
3 49	554100	26268.2	580368	75.9069
3 50	508454	60579.4	569033	63.7485
3 51	542311	121542	663853	121.778
3 52	568722	44823.6	613546	166.731
3 53	723800	53175.1	776975	74.8877
3 54	545362	65597.9	610960	80.8686
3 55	505996	37278.6	543275	59.9068
3 56	519925	39462.8	559388	84.4706
3 57	513038	57481.7	570520	59.9173
3 58	529506	20434.1	549940	66.7984
3 59	503356	50250.1	553606	65.2212
3 60	578702	49773	628475	223.438
3 61	558978	34498.1	593477	67.6773
3 62	557427	59827.2	617255	74.1897
3 63	534657	27021.2	561679	79.8748
3 64	483474	32901.9	516376	57.701
3 65	799185	216051	1.01524e+06	472.856
3 66	554090	66341.8	620432	78.061
3 67	562894	42590.6	605485	59.8093
3 68	510514	39750.2	550264	57.5251
3 69	588958	39026.5	627984	69.8785
3 70	520360	23228.5	543589	54.1642
3 71	534473	22524.5	556997	78.2636
3 72	522806	30200.5	553007	72.6551
3 73	522739	29653.8	552393	67.7995
3 74	590039	54828.7	644868	347.19
3 75	526475	25296	551771	67.7793
3 76	690733	59781	750514	398.229
3 77	560441	72548.9	632990	98.1276
3 78	523073	26745.8	549819	60.1462
3 79	577127	48186.3	625313	130.805
3 80	614030	48329.3	662359	64.6499
3 81	539938	34999.7	574938	97.8636
3 82	556113	47531	603644	107.931
3 83	566893	34041.1	600934	73.1806
3 84	498692	37017.2	535709	60.2204
3 85	524513	54420.9	578934	94.2066
3 86	584956	52959.4	637915	228.013
3 87	539499	31962.3	571461	74.1108
3 88	504914	59461.9	564376	66.7133
3 89	622396	65713.1	688110	89.0897
3 90	555276	38586.6	593862	117.665
3 91	550782	22722.4	573504	61.84
3 92	554892	46083.9	600976	62.6501
3 93	654899	118191	773090	115.413
3 94	511590	14176.5	525767	47.022
3 95	571261	59431	630692	86.2531
3 96	555143	80711.7	635854	131.061
3 97	548651	36221.5	584873	64.9266
3 98	540350	77545.7	617895	106.206
3 99	663689	87858.1	751547	115.28
3 100	497915	41376.4	539292	59.3036
3 101	575027	34944.2	609971	58.2513
3 102	532016	18321.4	550338	56.6209
3 103	522423	24997.2	547420	48.2385
3 104	758017	201340	959356	324.312
3 105	507907	69790.3	577698	66.7
3 106	545394	24689.2	570083	53.6302
3 107	556787	33188.4	589975	72.0984
3 108	535262	22037.1	557299	60.8309
3 109	523212	50810.5	574022	51.1306
3 110	537827	27840.1	565667	91.6046
3 111	601971	84387.8	686359	226.368
3 112	540794	36594	577388	97.8786
3 113	687821	99633.3	787454	325.002
3 114	568367	39774.9	608142	78.2516
3 115	672955	105595	778551	428.634
3 116	1.11625e+06	77995	1.19425e+06	169.449
3 117	545598	69596.5	615194	112.782
3 118	594993	43089.7	638083	97.2656
3 119	619543	52387.2	671930	125.302
3 120	572732	46261.6	618994	68.4061
3 121	534580	152650	687230	104.302
3 122	579519	40930.4	620449	111.103
3 123	574030	42460.2	616490	87.4251
3 124	579030	38159.1	617189	67.3226
3 125	570261	39978.6	610240	66.2559
3 126	518428	67926.6	586355	66.0345
3 127	522647	24279.2	546926	68.9481
3 128	549053	36540.9	585594	52.6803
3 129	702940	123126	826067	120.543
3 130	497854	59388.3	557242	64.2613
3 131	561920	33366.2	595286	59.0433
3 132	502959	43592.1	546551	53.6989
3 133	544400	34337.6	578737	54.3721
3 134	554941	42919.6	597861	92.4732
3 135	541771	31994.2	573765	69.0393
3 136	541217	83691.2	624908	84.6878
3 137	529362	25843.5	555205	61.154
3 138	535087	36325.3	571413	56.329
3 139	655101	98720.4	753821	169.943
3 140	526577	23836.2	550413	59.7288
3 141	569741	27917.1	597658	86.8424
3 142	521057	86534.4	607591	71.8136
3 143	633696	52900.8	686597	296.073
3 144	515241	23252.8	538493	48.5868
3 145	525450	25511.2	550961	58.7146
 1756.51, 37.0021, 8.59298, 1.1013, 0.443456, 0.251666, 0.162959, 0.113798,
4 1	585624	27753.8	613378	147.787
4 2	1.02218e+06	42222	1.0644e+06	283.352
4 3	526041	39915.6	565957	157.11
4 4	570627	21392.1	592019	145.189
4 5	514341	28284.9	542626	141.96
4 6	609523	40928	650451	197.7
4 7	639908	93092.6	733000	460.726
4 8	611064	40880.3	651944	432.876
4 9	682516	79875.1	762391	560.002
4 10	580369	29055.5	609425	147.059
4 11	610280	40308.4	650589	213.399
4 12	489034	33109.7	522143	135.287
4 13	571762	26302.2	598065	144.236
4 14	569563	22712.1	592275	139.633
4 15	629016	69947.4	698963	306.417
4 16	573139	16801.6	589940	200.426
4 17	533133	12320.5	545453	150.565
4 18	660803	51597.5	712400	371.4
4 19	542471	39730.6	582202	163.123
4 20	541977	12466.3	554443	148.966
4 21	595330	34982.6	630313	147.844
4 22	557850	16319.8	574170	309.503
4 23	567894	17698.6	585593	160.294
4 24	524618	29622.3	554240	167.065
4 25	624016	45953.4	669970	396.465
4 26	651620	82684.9	734305	248.962
4 27	556480	30961	587441	175.944
4 28	554385	16645.3	571031	142.612
4 29	565492	21545.5	587037	151.112
4 30	502576	43867	546443	143.14
4 31	541456	19098.1	560554	139.638
4 32	563479	26300	589779	158.313
4 33	543492	19347.5	562839	151.525
4 34	557315	19572.5	576887	152.659
4 35	501288	19360.5	520648	132.264
4 36	520986	14695	535681	141.719
4 37	525090	35902.2	560992	145.288
4 38	551370	26789.5	578160	151.664
4 39	518278	10147.4	528425	166.186
4 40	515630	13252	528882	162.996
4 41	615539	44450.7	659990	210.122
4 42	511707	11426.2	523133	122.964
4 43	562841	24395.2	587236	157.589
4 44	558283	23483.6	581767	133.27
4 45	573794	15725.5	589519	159.893
4 46	682199	66729	748928	272.091
4 47	535950	19269.5	555220	140.926
4 48	519688	20150.2	539838	157.597
4 49	548669	14567.2	563236	152.566
4 50	499250	33249.9	532500	135.262
4 51	520825	68780.3	589605	165.157
4 52	562102	23150.7	585253	316.916
4 53	717957	29342.2	747299	164.982
4 54	537638	35938.5	573577	172.099
4 55	499505	20794.7	520300	138.678
4 56	512995	21927.4	534922	173.219
4 57	504352	31670.7	536023	136.084
4 58	524990	11420.6	536410	138.447
4 59	496062	27607.4	523669	133.406
4 60	568214	26582.9	594797	230.491
4 61	551013	19617.3	570630	143.406
4 62	548433	33687.5	582121	156.727
4 63	528990	15059.4	544049	166.714
4 64	477450	18158.1	495608	131.118
4 65	770589	112898	883488	445.887
4 66	545578	36845.1	582423	148.197
4 67	555276	23729.2	579005	144.214
4 68	504658	21932.2	526590	144.673
4 69	582434	22141.6	604576	165.114
4 70	515292	12862.4	528155	132.902
4 71	530050	12446.2	542496	175.735
4 72	516915	16786.5	533702	144.031
4 73	517364	16592.5	533956	143.131
4 74	572832	24474.8	597307	295.864
4 75	520890	14193.1	535083	143.628
4 76	672455	29651.9	702107	315.507
4 77	546865	41107.5	587972	187.774
4 78	517749	14893.5	532643	137.214
4 79	573173	26045.8	599219	415.267
4 80	605750	27203.8	632954	160.943
4 81	535046	18743.8	553790	203.803
4 82	548441	26357.7	574799	195.924
4 83	562270	18790.5	581061	160.668
4 84	492719	20174.6	512893	141.687
4 85	517570	29911.4	547482	193.05
4 86	582073	23370.1	605443	546.102
4 87	533868	17459	551327	159.867
4 88	496320	32495.1	528815	136.416
4 89	612215	36754.1	648969	171.653
4 90	551739	20627.4	572366	356.325
4 91	545633	12634.3	558267	134.086
4 92	546756	25755.2	572511	146.854
4 93	633283	67091.9	700375	198.479
4 94	507337	7905.1	515242	117.783
4 95	562021	32954.8	594975	184.847
4 96	545472	44532.7	590005	288.568
4 97	543015	19769.5	562784	162.14
4 98	527989	43040.3	571030	157.889
4 99	650677	49414.5	700092	259.479
4 100	491372	22732.9	514105	135.151
4 101	569043	19619.2	588663	140.501
4 102	527905	10275.7	538181	144.011
4 103	516301	14066.7	530368	124.27
4 104	729018	106771	835789	344.157
4 105	498649	38277.5	536926	140.695
4 106	540420	13737.6	554157	132.4
4 107	548836	19212.8	568049	157.482
4 108	529947	12109.6	542057	131.408
4 109	515879	28132.3	544011	138.784
4 110	531881	15525.4	547407	193.765
4 111	587843	45963.9	633807	222.777
4 112	534193	20325.4	554518	206.119
4 113	669066	53136	722202	353.224
4 114	560131	22680.6	582811	185.015
4 115	657913	49506.9	707420	575.719
4 116	1.10859e+06	44825.3	1.15341e+06	282.825
4 117	534373	38642.4	573016	184.13
4 118	585854	25031.4	610886	186.337
4 119	610942	29471.3	640413	262.591
4 120	565000	26080.2	591080	157.332
4 121	515070	84265.4	599335	175.245
4 122	572869	22935.8	595805	265.601
4 123	567992	23352.6	591344	198.434
4 124	572636	21182.3	593819	140
4 125	563651	22817.1	586468	155.749
4 126	509224	37149.2	546373	140.169
4 127	517348	13306	530654	124.251
4 128	542324	20343.5	562668	140.139
4 129	685285	68676.6	753961	223.228
4 130	489717	32433.6	522151	143.513
4 131	555642	18729.7	574372	134.441
4 132	496771	23803.9	520575	131.057
4 133	537990	18995.9	556986	129.867
4 134	547861	24110.9	571972	183.559
4 135	536331	17776.8	554107	163.354
4 136	527610	47014.5	574625	151.702
4 137	523479	14429.8	537909	138.247
4 138	529541	20035.2	549577	131.829
4 139	639357	55079.6	694437	290.851
4 140	521981	13156.9	535138	130.911
4 141	564839	15594.5	580434	194.58
4 142	510660	47372.1	558033	144.914
4 143	619529	27971.3	647500	320.729
4 144	510361	12792.8	523154	122.066
4 145	520257	14169.6	534427	130.087
 1782.7, 35.4844, 8.71211, 0.99734, 0.415099, 0.240645, 0.157255, 0.110224,
5 1	552913	45258.7	598171	59.3267
5 2	961632	99184.2	1.06082e+06	165.282
5 3	492536	62185.9	554722	116.347
5 4	544295	34521.7	578816	60.5928
5 5	484127	45580.5	529707	53.0581
5 6	572871	62981.2	635852	83.8227
5 7	576299	131115	707415	121.113
5 8	569608	61808.7	631416	72.9002
5 9	611841	120494	732335	117.901
5 10	552616	45610.5	598227	55.9386
5 11	568506	64195.9	632702	68.6343
5 12	458457	49488.3	507945	48.6775
5 13	543287	42182.4	585469	55.3435
5 14	540819	39049.3	579869	53.8284
5 15	571181	103642	674823	104.71
5 16	546302	34308.5	580610	100.721
5 17	507432	26638.1	534070	65.5133
5 18	599892	88548.6	688440	156.023
5 19	504219	66019.2	570238	70.7849
5 20	516803	24189.8	540992	51.5975
5 21	563342	53030.1	616372	57.4082
5 22	528362	33548.7	561911	109.282
5 23	542574	30597.3	573171	61.3572
5 24	493173	48114.8	541288	68.598
5 25	565984	81346.1	647330	140.782
5 26	591802	118995	710797	158.251
5 27	518372	57117	575489	65.929
5 28	528703	31480.3	560183	61.3984
5 29	534589	40944.9	575534	59.8519
5 30	466408	65158.4	531566	52.5147
5 31	509795	36487.2	546282	55.7685
5 32	528475	43914.6	572390	59.1625
5 33	517503	33031.8	550535	65.0156
5 34	529597	35033.6	564630	63.9804
5 35	473698	32358.6	506056	49.2323
5 36	492262	28291.6	520553	55.1806
5 37	490305	56538.9	546844	63.1444
5 38	520269	47140.1	567409	78.0954
5 39	493881	22061.8	515943	57.7441
5 40	490677	24816.1	515493	61.9397
5 41	572922	69218.6	642140	67.475
5 42	487074	22418.3	509492	48.4834
5 43	534115	40386.7	574501	60.3977
5 44	529096	37771.8	566868	53.073
5 45	550517	28540.5	579058	70.3778
5 46	615539	107691	723230	131.032
5 47	504145	35662.4	539807	55.2356
5 48	488126	35303.2	523430	51.6357
5 49	523790	27643.5	551434	61.0544
5 50	469845	48018.2	517863	54.4043
5 51	476118	97133.7	573252	74.9938
5 52	523856	44926.2	568782	101.551
5 53	687288	51976.8	739265	102.58
5 54	501554	58500.3	560054	61.5344
5 55	471604	36014.2	507618	49.2643
5 56	482532	37031.9	519564	66.8741
5 57	473449	47199.6	520649	53.9892
5 58	502068	23075	525142	54.3827
5 59	468434	41874	510308	54.3391
5 60	535849	42834.1	578684	129.863
5 61	518143	36447.4	554590	56.0878
5 62	514834	55357.1	570191	66.4463
5 63	501466	28893.9	530360	66.5769
5 64	451876	30503.5	482379	52.4246
5 65	669913	179006	848920	319.44
5 66	508638	60881.4	569520	55.849
5 67	524778	38875	563653	53.4042
5 68	478083	37013.4	515096	55.0324
5 69	549704	43547.2	593251	69.6817
5 70	491072	24617.4	515690	54.5691
5 71	506707	24028.3	530735	64.1888
5 72	489501	31504.6	521006	57.0138
5 73	491513	31689	523202	58.3414
5 74	533743	43572.5	577315	228.391
5 75	492234	28789.4	521024	69.4643
5 76	626308	56707.8	683015	198.587
5 77	507158	63604.9	570763	66.2179
5 78	491998	28506.4	520505	58.4719
5 79	529389	49795.2	579184	98.4074
5 80	568975	47664.9	616640	55.3405
5 81	506722	33791.1	540513	75.7379
5 82	520375	42182.8	562558	67.9148
5 83	537228	35119.1	572347	73.2
5 84	466531	32517.2	499049	52.9651
5 85	488014	47481.7	535496	68.9133
5 86	533824	49118.1	582942	112.495
5 87	506804	31197.7	538002	67.3141
5 88	465002	48570.2	513572	70.8929
5 89	566294	64212.9	630507	61.9475
5 90	518543	37257.8	555800	82.7089
5 91	518588	25924.9	544513	52.3157
5 92	515177	42501.9	557679	55.3754
5 93	582035	96643.2	678678	71.0773
5 94	485751	17054.6	502805	45.6102
5 95	525871	52259.1	578130	65.7106
5 96	502162	69991	572153	97.9057
5 97	514252	34542.5	548795	59.4472
5 98	493178	63450.2	556628	97.2274
5 99	604170	78037.3	682208	81.1588
5 100	464898	35614.3	500512	57.2915
5 101	544512	34481.5	578993	56.5268
5 102	505924	21814.1	527738	54.9765
5 103	489705	25847.2	515553	48.1049
5 104	651135	155609	806745	175.637
5 105	465632	56239.1	521871	58.7783
5 106	516501	26320	542821	53.4446
5 107	513029	38261.7	551291	55.0319
5 108	504161	23796.8	527958	60.3896
5 109	484449	47023	531472	49.1787
5 110	502296	29662.2	531959	62.427
5 111	550973	67018.9	617992	141.773
5 112	503474	36028.1	539502	66.4806
5 113	601884	95250.5	697134	95.5068
5 114	522089	42670.6	564759	79.3378
5 115	586674	94450	681124	313.153
5 116	1.04174e+06	105590	1.14733e+06	140.563
5 117	496951	60095.1	557046	112.241
5 118	541325	49745.1	591070	57.7608
5 119	564472	56990.5	621463	112.57
5 120	525844	50502.6	576347	57.6617
5 121	465851	115423	581274	73.7462
5 122	531996	45813.8	577809	78.841
5 123	537465	40957.5	578422	87.2509
5 124	545827	36982.5	582810	50.9483
5 125	531450	45055.6	576506	54.3011
5 126	476172	55156.4	531329	57.9081
5 127	493011	24916	517927	88.7828
5 128	510768	37777.5	548546	49.8607
5 129	622745	107076	729821	86.9408
5 130	458271	48047.6	506319	53.3294
5 131	527866	33592.5	561459	55.2821
5 132	469373	37789.9	507163	48.4993
5 133	509420	33564.7	542985	47.0136
5 134	516759	41473.1	558232	65.6403
5 135	508676	33235.7	541911	63.6837
5 136	486300	72677.3	558977	49.8147
5 137	496747	28640.4	525387	51.2759
5 138	504250	34643.4	538893	51.3313
5 139	572607	97204.6	669812	168.804
5 140	497470	25784.2	523254	59.5861
5 141	532922	33421.6	566343	64.9535
5 142	475755	67878	543633	74.3436
5 143	573181	53514.2	626696	130.893
5 144	487342	23352.8	510695	50.6272
5 145	495179	26295.3	521475	53.5902
 1786.46, 35.0932, 8.5198, 0.990248, 0.413568, 0.239774, 0.156686, 0.109827,
6 1	546546	49455.6	596001	41.6735
6 2	948567	114170	1.06274e+06	107.678
6 3	486713	67628.6	554341	85.3764
6 4	539840	37073.8	576914	64.0688
6 5	478873	49515.7	528389	69.5149
6 6	566874	67279.7	634153	118.797
6 7	566100	137319	703419	253.28
6 8	563129	66310.9	629440	159.476
6 9	601458	127315	728773	279.786
6 10	547768	49240.2	597008	44.353
6 11	561028	69749.5	630777	130.393
6 12	453171	53045.5	506217	44.0165
6 13	537928	45845.2	583774	49.5095
6 14	535418	43044.3	578462	29.9013
6 15	561229	111105	672333	122.639
6 16	541747	38258.3	580006	178.196
6 17	502296	30213.9	532510	76.8039
6 18	588585	97206.7	685792	212.537
6 19	498217	71685.9	569903	74.3046
6 20	512608	26687.1	539295	111.95
6 21	557408	57263.3	614671	49.2435
6 22	526309	34328.9	560638	256.45
6 23	538366	33157.1	571523	89.5834
6 24	487570	52414.1	539984	80.8325
6 25	559792	87529.5	647322	304.871
6 26	581349	127259	708608	149.761
6 27	511848	62970.7	574819	77.7991
6 28	524123	34932.9	559056	71.3419
6 29	528719	45696.9	574416	55.1072
6 30	459981	69966.2	529948	41.293
6 31	503724	40653.7	544378	40.5213
6 32	522279	47497.4	569776	55.8597
6 33	513009	36174.6	549183	98.0313
6 34	524454	38996.1	563450	73.2922
6 35	468777	35334.5	504112	40.2953
6 36	486897	31388.3	518285	54.9977
6 37	484298	61077.9	545376	47.9672
6 38	514455	52048.8	566504	53.2111
6 39	489972	24657.3	514630	132.261
6 40	486364	27555.4	513919	129.576
6 41	565020	75352.5	640372	130.071
6 42	482459	24911.7	507371	33.2389
6 43	529339	43634.4	572973	69.1381
6 44	523628	40980.4	564608	31.8463
6 45	546614	31496.1	578110	95.2077
6 46	602141	117602	719743	93.9336
6 47	497977	39371.4	537348	44.0889
6 48	482298	38939.2	521237	83.5785
6 49	519383	30877.8	550261	122.2
6 50	464437	51301.3	515739	50.0922
6 51	469052	103327	572379	75.5528
6 52	519000	49765.5	568766	256.789
6 53	681760	57386.8	739147	53.4565
6 54	495482	63488.3	558970	83.482
6 55	466287	39562.4	505849	44.7772
6 56	477463	40534.1	517997	132.022
6 57	468273	50447	518720	48.7106
6 58	497788	25969.2	523758	74.6462
6 59	463669	44995.5	508664	37.8418
6 60	529281	46365.7	575647	66.901
6 61	511267	40680.6	551948	45.7506
6 62	508253	60637.5	568890	64.5062
6 63	496659	31910	528569	112.145
6 64	447397	33093.8	480491	58.6003
6 65	649335	195278	844613	282.769
6 66	502096	66400.9	568496	48.7273
6 67	519253	42299.7	561553	64.6656
6 68	473509	40386.1	513895	75.9186
6 69	543258	48719.8	591978	54.8999
6 70	486543	27308	513851	54.2981
6 71	503092	26464.1	529556	126.697
6 72	484250	34947.2	519197	65.6566
6 73	486431	35410.1	521841	57.2559
6 74	524681	48968.5	573649	143.497
6 75	486702	32372.8	519075	72.4042
6 76	616686	63306.5	679992	216.362
6 77	499795	68882.1	568677	74.4092
6 78	487018	31867.8	518886	59.1612
6 79	524095	54758.1	578853	314.73
6 80	561316	53452.9	614769	68.4646
6 81	502705	36723.7	539429	151.513
6 82	515899	45500.1	561399	127.461
6 83	532737	39013.2	571750	95.168
6 84	462084	34992.9	497077	84.5853
6 85	483592	51227.9	534820	134.52
6 86	537614	52913.5	590528	393.238
6 87	501817	34414.6	536231	86.2687
6 88	459479	52034.7	511514	48.5747
6 89	556903	71834.9	628738	69.7821
6 90	515185	40230.9	555416	280.351
6 91	513434	28950.8	542385	56.4854
6 92	509359	46419.8	555778	55.8784
6 93	572277	103840	676117	74.6143
6 94	481585	19195.5	500780	36.029
6 95	519812	56614.6	576427	130.794
6 96	498282	73797.2	572079	236.72
6 97	509355	37672	547027	104.373
6 98	486826	68049.5	554876	97.3959
6 99	594583	85296.3	679879	129.478
6 100	460276	38488.7	498765	72.4164
6 101	539784	38168.7	577953	34.2449
6 102	501926	24564.4	526490	86.4665
6 103	484472	28623.1	513095	29.084
6 104	636407	168634	805041	198.157
6 105	460091	60144	520235	58.2749
6 106	511980	29366.9	541347	48.5367
6 107	505893	43224.9	549118	77.6569
6 108	499071	26625.5	525697	63.9321
6 109	478199	51951.9	530151	27.1995
6 110	497394	32882.2	530276	144.457
6 111	543232	72226.6	615458	130.209
6 112	497728	39783.2	537511	78.8216
6 113	589005	106334	695339	110.297
6 114	514771	48196.6	562967	114.944
6 115	581277	104481	685758	467.962
6 116	1.02703e+06	121960	1.14899e+06	99.4197
6 117	490984	64717.3	555701	141.59
6 118	532429	56633.9	589063	111.016
6 119	554768	64877.1	619645	145.034
6 120	518405	56247.4	574652	35.2262
6 121	458426	121774	580199	82.1972
6 122	525362	51630.7	576993	218.82
6 123	532129	45388.2	577517	146.954
6 124	540840	40559.1	581399	26.4212
6 125	525070	50618.7	575688	28.5891
6 126	470035	59464.4	529499	54.271
6 127	488825	27634.6	516460	57.4323
6 128	504982	41561.7	546544	26.21
6 129	611014	116383	727396	76.7996
6 130	453192	51244.4	504436	78.4746
6 131	522440	37284.2	559724	41.0453
6 132	464521	40954.2	505475	47.6222
6 133	504140	36880.2	541020	26.5381
6 134	511570	45437.9	557008	123.249
6 135	503830	36936.6	540766	106.811
6 136	479802	77759	557561	34.6817
6 137	491251	32165.6	523417	39.6132
6 138	499271	38453.6	537725	35.8035
6 139	562090	108420	670510	254.96
6 140	493019	28840.8	521860	49.4201
6 141	527479	38021.3	565500	155.506
6 142	470175	72440.4	542615	65.7119
6 143	564786	60350.7	625137	182.877
6 144	483092	25671.3	508763	39.2576
6 145	490223	29349.8	519573	42.5385
 1788.1, 34.9964, 8.46849, 0.988825, 0.413353, 0.239653, 0.156597, 0.109759,
7 1	546337	25496.3	571834	115.284
7 2	956149	59468.8	1.01562e+06	254.864
7 3	489784	34488.5	524273	138.732
7 4	539702	19138.6	558841	106.836
7 5	480058	25463.8	505522	114.42
7 6	566614	34864.7	601479	131.852
7 7	564088	70066.9	634155	158.005
7 8	563024	33973.6	596998	122.918
7 9	598225	65396.7	663622	154.458
7 10	548463	25267.4	573730	115.289
7 11	559689	35974.8	595664	124.719
7 12	454678	27110.3	481788	105.607
7 13	538214	23596.1	561810	112.889
7 14	535982	22268.7	558251	117.004
7 15	561461	56871.3	618332	153.301
7 16	541330	21014.6	562344	127.195
7 17	501472	15688.9	517161	122.674
7 18	586469	50514	636983	153.852
7 19	502117	36984.2	539101	129.51
7 20	511933	13816.9	525750	103.274
7 21	557637	29447.5	587085	116.234
7 22	523619	19374.2	542993	124.177
7 23	538349	17136.5	555486	112.045
7 24	488920	27023.8	515944	114.185
7 25	556781	47627.5	604409	164.66
7 26	579963	65341.8	645305	164.705
7 27	513000	32607.2	545607	133.358
7 28	524423	18238.9	542662	110.905
7 29	528858	23664.1	552522	122.719
7 30	462746	35750.1	498496	113.5
7 31	503571	21170	524741	111.575
7 32	521845	24364.8	546210	118.598
7 33	513242	18780.4	532023	113.798
7 34	524958	20282.5	545241	117.145
7 35	469562	18256.8	487819	105.358
7 36	486874	16339.5	503213	109.954
7 37	487310	31340.8	518651	113.823
7 38	515752	27012.3	542764	116.807
7 39	488951	12888.3	501839	112.307
7 40	485877	14379.2	500256	105.894
7 41	564547	38821.3	603368	132.488
7 42	482166	12917.7	495084	100.274
7 43	529252	22488.7	551741	117.255
7 44	523351	21124.5	544476	106.556
7 45	546355	16352.8	562708	111.838
7 46	605088	60455.9	665543	172.979
7 47	497382	20356	517738	112.439
7 48	482435	20163.2	502599	110.201
7 49	518445	16143.3	534589	107.724
7 50	465746	26244.4	491991	103.909
7 51	475643	52720.4	528363	129.683
7 52	516061	27661.9	543723	131.556
7 53	682733	29496.2	712230	150.971
7 54	497956	32754.8	530711	122.326
7 55	466611	20350.7	486961	106.58
7 56	478349	20817.2	499166	114.178
7 57	469871	25767.1	495638	106.03
7 58	497225	13545.8	510771	104.895
7 59	465325	23035.2	488360	109.242
7 60	528707	23939.6	552647	113.249
7 61	511135	21135.6	532271	117.397
7 62	510553	31208.9	541762	130.307
7 63	496048	16695.2	512743	116.707
7 64	447813	16982.7	464796	107.384
7 65	649146	101125	750271	263.095
7 66	504701	34160.2	538862	120.947
7 67	518579	21804	540383	111.636
7 68	474059	20807.7	494867	113.443
7 69	543456	25157.8	568614	142.966
7 70	486271	14162.8	500433	106.344
7 71	502560	13839.7	516400	106.895
7 72	484023	18131.4	502154	108.726
7 73	486439	18397.2	504836	114.287
7 74	525935	25157.7	551093	213.56
7 75	485707	16920.4	502627	113.549
7 76	615200	36203.4	651404	158.894
7 77	501624	35336.3	536960	117.82
7 78	486966	16559.6	503526	109.476
7 79	520519	29385.9	549905	136.778
7 80	560063	27779	587842	119.669
7 81	501539	19421	520960	108.635
7 82	516624	23529.2	540153	114.929
7 83	533381	20161	553542	132.203
7 84	462485	17949.8	480434	102.91
7 85	484602	26505	511107	117.58
7 86	528226	31078.2	559304	228.848
7 87	501240	17807.9	519048	110.375
7 88	460656	26525.4	487181	114.446
7 89	555793	37292.5	593086	134.301
7 90	512341	21344.4	533686	120.813
7 91	513014	15003.7	528017	104.83
7 92	508982	23909.3	532892	113.997
7 93	571886	52984.8	624871	138.805
7 94	481047	9970.85	491017	100.045
7 95	519026	29176.1	548203	116.263
7 96	499480	39396.8	538877	135.384
7 97	508909	19459.4	528368	114.786
7 98	489715	35274.9	524990	125.792
7 99	593478	43908.5	637386	137.439
7 100	460891	19799.3	480691	106.97
7 101	539974	19683.9	559657	116.769
7 102	501273	12814.9	514088	111.253
7 103	484228	14809.3	499038	102.378
7 104	632142	87087.5	719230	193.175
7 105	462331	30817.3	493148	111.038
7 106	511841	15254.7	527096	105.559
7 107	506187	22469.7	528656	122.616
7 108	498475	13844.1	512319	107.045
7 109	479874	26782.9	506657	115.654
7 110	496315	17199.3	513515	110.944
7 111	543474	36840.1	580314	142.311
7 112	497982	20819.1	518801	111.931
7 113	589910	55034.1	644944	169.557
7 114	513969	25098.6	539068	121.641
7 115	576531	58209.3	634740	270.459
7 116	1.03296e+06	63562.3	1.09652e+06	267.495
7 117	493366	33789	527156	133.364
7 118	531602	29622.9	561224	126.496
7 119	555018	34029.9	589048	156.865
7 120	519104	29065.9	548170	130.405
7 121	468372	61971	530343	144.812
7 122	522863	27263.3	550126	128.094
7 123	531338	23590.5	554929	125.365
7 124	541211	20816.7	562028	112.214
7 125	525289	26183.9	551472	127.766
7 126	472512	30529	503041	110.285
7 127	488476	14182.3	502658	107.868
7 128	504832	21371.4	526203	114.885
7 129	612868	59783.1	672651	165.58
7 130	454473	26203.6	480677	102.78
7 131	522734	19295	542029	110.387
7 132	465403	21051.4	486454	101.885
7 133	504359	18999.7	523358	106.535
7 134	511520	23551.7	535071	113.652
7 135	503827	19220.9	523048	115.479
7 136	484366	39658.1	524024	124.188
7 137	491014	16659.6	507673	114.63
7 138	500030	19831.1	519861	108.11
7 139	564094	57369.1	621463	172.296
7 140	493165	15015.6	508181	107.916
7 141	526149	20150.1	546299	119.106
7 142	473589	36996.4	510585	122.779
7 143	563712	31685.6	595397	156.275
7 144	482985	13255.7	496240	99.1737
7 145	490252	15214.4	505466	103.936
 1808.63, 33.8122, 9.27858, 0.916501, 0.386786, 0.228165, 0.150681, 0.106144,
8 1	520369	39852.9	560222	42.7572
8 2	870764	125441	996205	105.989
8 3	464427	51102.8	515530	73.9978
8 4	518641	30559.8	549201	57.4738
8 5	456896	39057.1	495953	67.8405
8 6	541116	49825.8	590941	102.964
8 7	529515	88730.2	618245	63.858
8 8	537249	47944.4	585193	48.5621
8 9	560451	87017.6	647469	94.6492
8 10	527420	38101.4	565522	45.8371
8 11	529315	52740.5	582056	71.7537
8 12	432280	39345.4	471626	44.4673
8 13	516016	36344.7	552360	48.6403
8 14	512376	36390.4	548766	41.8653
8 15	524369	77168.3	601537	65.9343
8 16	517060	35943.5	553004	147.55
8 17	478753	29488.2	508241	60.4503
8 18	543930	74789.4	618720	118.209
8 19	472750	55995.4	528745	71.8873
8 20	491326	24604.4	515931	85.4075
8 21	534133	42927.5	577060	48.7444
8 22	503154	30532.4	533686	179.706
8 23	518067	28380.6	546447	72.7541
8 24	465148	41200.9	506349	52.1033
8 25	516847	68643	585490	165.4
8 26	541353	85966.6	627320	101.47
8 27	482523	52588.4	535112	73.5663
8 28	502951	31209.2	534160	62.4094
8 29	502848	40383.2	543231	56.3435
8 30	437324	50421.2	487745	49.4637
8 31	477307	36011.4	513318	44.0873
8 32	494961	38763.6	533724	46.3598
8 33	492561	30510.7	523072	84.4173
8 34	502117	33828.6	535945	62.4877
8 35	448048	29165.9	477213	42.1121
8 36	462824	29327.1	492151	41.1775
8 37	460976	46841.7	507818	48.332
8 38	490517	43443.7	533960	42.107
8 39	467791	24819.3	492610	88.7002
8 40	464968	25393.9	490361	87.0017
8 41	533511	56114.4	589625	65.8501
8 42	461260	23785.9	485046	44.0317
8 43	506449	35866.5	542315	62.1624
8 44	500598	32940.1	533539	39.5165
8 45	527694	27647.7	555342	75.6605
8 46	556185	87362.6	643547	54.1032
8 47	471591	34679	506271	46.9212
8 48	457784	32601.3	490386	49.1287
8 49	497663	28172.2	525836	97.4655
8 50	445111	36751.6	481862	46.4157
8 51	445879	70841.9	516721	66.316
8 52	486872	43084.5	529957	159.356
8 53	652189	51526.1	703715	72.7627
8 54	470308	49583.8	519892	74.4606
8 55	445201	32558.2	477760	47.3198
8 56	454696	33252.3	487948	73.7747
8 57	448012	37077.7	485089	46.2583
8 58	477769	24769.1	502538	57.4354
8 59	443733	34628.5	478361	46.0052
8 60	504257	36865.6	541123	40.1734
8 61	483660	36190.4	519850	47.7348
8 62	483036	48542.4	531578	53.0887
8 63	473007	29417.2	502424	87.8146
8 64	427326	27883.5	455210	48.8915
8 65	579816	139869	719685	148.269
8 66	476243	52000.4	528244	54.8397
8 67	494796	34130.6	528926	53.2101
8 68	452913	33368.1	486281	72.5912
8 69	514698	44129.9	558828	64.5488
8 70	465698	25586.7	491285	56.7884
8 71	483325	24993.9	508319	99.8997
8 72	462390	30559.6	492950	58.2798
8 73	464837	31801.2	496638	55.136
8 74	494196	44189.2	538386	86.4407
8 75	461700	30064.6	491764	51.4051
8 76	576465	56603	633068	148.717
8 77	473310	51102.8	524412	60.4762
8 78	465299	29127.1	494426	53.8104
8 79	489447	47151.4	536599	203.845
8 80	529924	44662.3	574586	48.1074
8 81	480099	31606.9	511706	117.656
8 82	495194	36065.5	531260	97.3369
8 83	509875	35919.8	545795	76.3872
8 84	442349	28301.2	470650	63.3552
8 85	462841	39867.7	502709	108.519
8 86	492108	48720.6	540829	199.117
8 87	478461	30342.7	508804	61.4757
8 88	437804	38685.4	476489	48.2304
8 89	519291	57952.8	577244	62.7465
8 90	489579	34376	523955	188.087
8 91	490283	27461.4	517745	53.1746
8 92	484801	37303.2	522105	49.9436
8 93	540950	69943.1	610894	51.7376
8 94	462155	19744.4	481900	48.1757
8 95	492741	43135.9	535877	91.0254
8 96	471034	54639.3	525673	176.165
8 97	485065	32690.6	517756	72.427
8 98	464518	48904.2	513422	85.0204
8 99	561143	62651.3	623794	78.2252
8 100	440373	30649.3	471022	60.7798
8 101	519353	32898.1	552251	43.7345
8 102	481578	24495.6	506074	66.1428
8 103	462573	25501.1	488074	38.6521
8 104	582825	115295	698120	131.67
8 105	438340	43736.9	482077	54.1137
8 106	491758	26874.3	518633	50.7791
8 107	477477	38506	515983	48.0403
8 108	476059	25650.9	501709	49.0002
8 109	454610	41831.7	496441	40.226
8 110	472999	29684.3	502683	109.892
8 111	518885	50754	569639	53.7248
8 112	473502	33936.7	507439	61.6673
8 113	540617	84543.4	625161	53.0105
8 114	484085	41265.4	525351	90.4632
8 115	525112	84839.5	609952	247.207
8 116	940088	135169	1.07526e+06	111.502
8 117	466703	48057.3	514760	111.176
8 118	496517	48846.4	545364	66.4063
8 119	517320	56047.4	573368	87.5515
8 120	485882	49670.1	535552	46.5163
8 121	433755	81575.8	515331	74.2933
8 122	490990	45561.9	536552	127.859
8 123	506330	38592	544922	97.8024
8 124	519923	33889.5	553813	39.5246
8 125	497897	44576.1	542473	46.9725
8 126	447874	44013.1	491887	61.7163
8 127	468522	25034.8	493557	51.403
8 128	479723	35912.5	515636	39.6178
8 129	568112	85044.2	653156	58.1684
8 130	432572	37537.1	470109	62.5859
8 131	499665	32412.6	532078	46.9944
8 132	444870	32115.6	476986	46.4383
8 133	481269	31750.5	513019	42.1902
8 134	488370	36870.7	525240	95.1031
8 135	480371	33539.3	513910	88.7615
8 136	454127	57476.9	511603	40.4572
8 137	467562	30514.9	498077	44.2287
8 138	479298	32360.2	511658	42.3903
8 139	516080	85030.1	601110	199.352
8 140	472427	26859.3	499286	49.6731
8 141	497795	36473.5	534269	103.241
8 142	448954	51392.2	500346	64.1686
8 143	528163	52041.2	580204	102.933
8 144	463960	23344.3	487304	44.3695
8 145	469884	26191.9	496075	45.8215
 1811.23, 33.5599, 9.11301, 0.910658, 0.385674, 0.227569, 0.150296, 0.105882,
9 1	515835	42991.5	558827	31.4961
9 2	857628	138336	995965	59.8351
9 3	460858	54640.4	515499	112.914
9 4	514936	33240.5	548176	35.9757
9 5	452941	42196.2	495137	44.9362
9 6	535974	54037.5	590011	49.9858
9 7	523047	93481.1	616528	30.2566
9 8	532835	51052.8	583888	34.5635
9 9	553732	91684.4	645416	34.1307
9 10	523711	41191.5	564903	27.1502
9 11	523885	56289.1	580174	41.8457
9 12	428361	42150.5	470512	39.0464
9 13	511947	39290.2	551237	28.2017
9 14	508382	39620.7	548003	28.4213
9 15	518504	81192.5	599696	31.8727
9 16	512678	40643.6	553321	84.5647
9 17	474777	32675.8	507452	63.7739
9 18	536823	79566.6	616390	44.7823
9 19	468066	60468.8	528534	39.3411
9 20	487676	26703.4	514379	38.0498
9 21	529655	46395	576050	30.4489
9 22	497544	34117.7	531662	57.6653
9 23	514780	30779.8	545560	52.1692
9 24	460949	44685.7	505635	35.1356
9 25	509115	73946.8	583062	80.0489
9 26	534082	91311.1	625393	86.9085
9 27	477556	57242.7	534798	40.6317
9 28	499280	34384.5	533665	38.9019
9 29	498645	44191.7	542837	36.9658
9 30	432984	53796.2	486780	29.5432
9 31	472969	39183.5	512153	29.6567
9 32	490803	41493.7	532296	32.3811
9 33	488763	33218.5	521981	47.7702
9 34	498098	37019.4	535117	49.8023
9 35	444408	31337.1	475745	28.5273
9 36	458962	32009.2	490971	31.8502
9 37	456851	50161.7	507012	30.2819
9 38	486291	47316.6	533607	25.7364
9 39	464047	27276.6	491324	53.7542
9 40	461155	27850.9	489006	45.0205
9 41	528214	59752.7	587966	33.0129
9 42	457721	25975	483696	32.4939
9 43	502511	38943	541454	35.6974
9 44	496626	35526.5	532153	28.1593
9 45	524196	30401	554597	62.3384
9 46	549161	91883.6	641044	31.7836
9 47	467266	37838	505104	26.3455
9 48	453673	35030.9	488704	30.5405
9 49	493515	31128.8	524644	44.2137
9 50	441473	39004.5	480477	40.8639
9 51	441250	74968.7	516219	56.7205
9 52	480938	46954.1	527892	55.9376
9 53	647691	55816.2	703507	44.9517
9 54	465768	53333.1	519101	32.6879
9 55	441557	35237.8	476795	29.6457
9 56	450845	35538.2	486383	52.7961
9 57	444521	39231.1	483753	43.7811
9 58	474390	27338	501728	50.6584
9 59	440333	36961.7	477295	62.0825
9 60	499433	40091.1	539524	38.761
9 61	478700	39425.7	518126	30.9812
9 62	478133	52527	530660	57.1623
9 63	468689	32452.8	501142	47.7831
9 64	423979	30065.2	454044	46.4917
9 65	566209	149186	715395	115.35
9 66	471834	55862.9	527697	32.3747
9 67	490799	36616	527415	35.194
9 68	448994	36427.4	485422	43.2429
9 69	509860	48312.1	558172	59.0257
9 70	462080	28117.1	490197	35.8299
9 71	479554	27617.2	507172	56.2011
9 72	458473	33571.1	492044	33.7517
9 73	461159	34961.3	496120	41.3394
9 74	487656	46911.6	534567	87.8208
9 75	457595	32724.8	490320	58.8263
9 76	564850	65220.8	630070	79.4521
9 77	468432	54572.1	523004	34.7387
9 78	461485	32084.3	493569	33.8983
9 79	481620	51620.4	533240	46.2217
9 80	524268	48450.2	572719	34.4395
9 81	475270	35186.4	510456	47.3553
9 82	491016	39200.8	530217	60.7888
9 83	505620	39531.9	545152	86.6111
9 84	438864	30471.4	469335	37.9942
9 85	458279	43576.1	501855	44.1995
9 86	484693	51400.2	536093	140.823
9 87	474554	33131	507685	44.059
9 88	434268	41040.6	475309	73.1449
9 89	512774	62354.4	575128	35.9857
9 90	483936	37587.7	521523	46.4362
9 91	486532	29749.2	516281	32.5631
9 92	480613	40301.5	520915	29.9978
9 93	535149	74181.7	609330	27.4365
9 94	458921	21687.8	480609	39.5004
9 95	487937	46143.5	534081	48.0606
9 96	464727	59034.7	523762	65.2546
9 97	481176	35217.6	516394	33.2257
9 98	460429	52550.9	512980	83.3131
9 99	554964	66946.1	621910	52.5264
9 100	436639	33205.4	469844	48.8102
9 101	515681	36231.6	551913	37.3868
9 102	477851	27282.2	505133	38.4501
9 103	458714	27632.6	486347	30.086
9 104	573415	122351	695766	114.418
9 105	434438	46568.2	481006	58.866
9 106	488170	29657.7	517828	31.6197
9 107	472620	41625.3	514245	33.613
9 108	472165	28117.8	500283	48.1944
9 109	450066	45588	495654	27.8691
9 110	468538	32438.5	500977	51.7032
9 111	514262	54221.8	568484	24.841
9 112	469018	37224.2	506242	49.9918
9 113	533347	89681.3	623029	30.3853
9 114	479009	44505.1	523515	37.1218
9 115	515830	90203.5	606033	171.883
9 116	928532	146976	1.07551e+06	69.0298
9 117	461985	52469.3	514455	80.5695
9 118	490425	52524.3	542949	36.712
9 119	510210	60925.6	571135	68.9162
9 120	480843	53915.7	534759	31.9154
9 121	428472	85905.2	514377	74.2915
9 122	484590	49618.8	534209	47.626
9 123	501563	41871	543434	59.9813
9 124	516137	36931.1	553068	24.5353
9 125	493416	48806.5	542223	29.7156
9 126	443577	47157.8	490735	30.2146
9 127	465272	27405.3	492677	86.1217
9 128	475700	39038.3	514738	25.4854
9 129	561548	89590.8	651139	43.9256
9 130	428917	39960.1	468877	44.3619
9 131	495589	35385	530974	34.0964
9 132	441296	34628.3	475924	30.8
9 133	477523	34512.5	512036	31.7249
9 134	484144	39722.4	523866	51.3102
9 135	476205	37029.6	513234	46.7662
9 136	449642	61279.8	510922	30.8078
9 137	463489	33478.9	496968	27.4741
9 138	475499	35489	510988	28.2299
9 139	506153	91573.7	597727	101.169
9 140	468702	29828.5	498530	50.5396
9 141	492521	39916.9	532438	44.2091
9 142	444872	54728.8	499601	65.0606
9 143	521885	56245.6	578131	90.3578
9 144	460660	25461.9	486121	33.1859
9 145	466394	28613.7	495008	30.168
 1812.03, 33.4362, 9.02842, 0.907511, 0.385049, 0.227209, 0.150065, 0.105722,
10 1	515205	22207.2	537412	93.7748
10 2	858080	71779	929859	212.967
10 3	461411	28400.2	489811	101.534
10 4	514481	17211.9	531693	98.217
10 5	453049	21748.3	474797	102.83
10 6	536385	27418.4	563803	129.406
10 7	521731	47587.4	569318	104.984
10 8	532524	26196.5	558720	93.7538
10 9	552948	46760.6	599708	131.943
10 10	523564	21253	544817	95.662
10 11	522951	28783.1	551734	113.126
10 12	428303	21635.1	449938	86.4337
10 13	511747	20240.6	531988	93.3969
10 14	508061	20614.6	528675	96.43
10 15	517900	41393.2	559293	110.074
10 16	513119	20545.2	533664	172.445
10 17	473869	16986.5	490855	111.438
10 18	535974	40577.1	576552	153.44
10 19	469024	31114.2	500139	111.176
10 20	487384	13753.5	501137	125.022
10 21	529236	23998.4	553235	95.5572
10 22	499722	16952.5	516674	177.133
10 23	514563	15894.2	530457	112.251
10 24	461088	23045.6	484134	94.7896
10 25	510567	37194.9	547762	185.553
10 26	532781	46462.9	579244	132.021
10 27	477540	29521.6	507061	119.739
10 28	499231	17795.1	517026	107.362
10 29	498198	22938.1	521136	106.196
10 30	433464	27542.4	461006	89.7039
10 31	472331	20328.8	492660	93.4835
10 32	489882	21486.1	511368	96.213
10 33	488917	17041.4	505959	121.539
10 34	497936	19208.5	517144	105.272
10 35	444291	16098.9	460390	86.8961
10 36	458550	16605.6	475155	93.153
10 37	457452	25840.1	483292	92.6471
10 38	486211	24595	510806	93.058
10 39	463833	14040.3	477874	134.438
10 40	461021	14395.6	475417	125.17
10 41	527793	30543.1	558337	115.672
10 42	457074	13487.5	470562	90.8055
10 43	502135	20146.3	522282	104.881
10 44	495948	18377.4	514325	88.1134
10 45	524112	15724.2	539836	107.621
10 46	549394	46985.4	596379	116.939
10 47	466473	19640.4	486114	95.6736
10 48	453251	17989.4	471240	91.7839
10 49	493553	16153.7	509706	140.548
10 50	441414	19992.2	461406	83.4581
10 51	443145	38233.2	481379	101.26
10 52	481114	24074	505188	176.662
10 53	648118	28751.3	676870	127.526
10 54	466301	27465.1	493766	112.46
10 55	441238	18167.6	459406	92.9748
10 56	450941	18204.1	469145	112.59
10 57	444716	20001.5	464718	86.9015
10 58	473864	14205.8	488070	102.055
10 59	440412	18871.8	459284	87.1034
10 60	498710	20699.1	519409	90.1457
10 61	478048	20450.4	498499	97.876
10 62	478245	27081.8	505327	104.42
10 63	468361	16732.4	485093	125.995
10 64	423658	15454	439112	91.2115
10 65	562529	76456.6	638986	152.271
10 66	472267	28773.2	501040	98.2466
10 67	490137	18806.2	508943	98.8984
10 68	449010	18776.7	467787	109.995
10 69	509340	24992.3	534333	120.74
10 70	461458	14643.9	476102	99.7086
10 71	479505	14251.2	493756	126.719
10 72	458004	17427.7	475432	98.5314
10 73	460821	18155.9	478977	100.89
10 74	487176	24142.3	511319	126.211
10 75	456723	16824	473547	99.2287
10 76	566961	33350.1	600311	182.789
10 77	468582	27903.4	496486	103.962
10 78	461135	16685.8	477821	99.5882
10 79	481923	26506.9	508430	176.664
10 80	523138	24919.3	548058	97.969
10 81	475607	18087.5	493694	136.364
10 82	491666	20010.9	511677	133.453
10 83	505391	20446.4	525837	123.515
10 84	438763	15615.1	454378	102.079
10 85	459219	22283.6	481503	135.201
10 86	482722	26457	509179	131.115
10 87	473944	17227.9	491172	103.187
10 88	434119	21081.3	455200	88.0526
10 89	511189	32038.2	543227	106.566
10 90	484436	19239.5	503676	160.039
10 91	485909	15392.8	501302	96.8206
10 92	480043	20765.5	500809	96.8083
10 93	534497	37884.1	572382	102.989
10 94	458258	11303.5	469561	94.6546
10 95	487643	23511.7	511155	125.286
10 96	467421	29227	496648	178.481
10 97	480839	18123.2	498962	113.92
10 98	460959	26679.7	487638	113.895
10 99	553784	34228	588012	109.32
10 100	436499	17074.2	453574	97.8381
10 101	515363	18824.4	534187	98.771
10 102	477438	14175.9	491614	112.725
10 103	458030	14268.9	472298	86.4046
10 104	570447	62471	632918	157.829
10 105	434666	23883.3	458549	89.675
10 106	487732	15465.3	503197	95.3238
10 107	472226	21416	493642	101.045
10 108	471405	14630.2	486035	98.0744
10 109	449881	23651	473532	92.3312
10 110	468477	16645.2	485122	144.03
10 111	514062	27752	541814	94.06
10 112	468635	19171.6	487806	99.7613
10 113	533051	45670.1	578721	119.2
10 114	478331	22895.2	501226	115.267
10 115	516151	46157.4	562309	205.003
10 116	929719	75903.4	1.00562e+06	224.987
10 117	462765	26188.4	488953	140.685
10 118	489449	26997.8	516446	109.577
10 119	510062	31332.2	541394	140.925
10 120	480128	28023.9	508152	104.63
10 121	431005	43828.5	474833	109.758
10 122	484442	25504.5	509947	169.54
10 123	501329	21564.1	522893	137.916
10 124	515828	19119.1	534948	91.4521
10 125	492890	25269.3	518159	104.207
10 126	444081	24167.9	468249	94.8218
10 127	464745	14298.5	479044	90.3114
10 128	475070	20243.3	495313	93.7858
10 129	561373	45701.1	607074	112.833
10 130	429147	20443.8	449590	93.8922
10 131	495240	18331.8	513572	95.679
10 132	441258	17835.6	459094	87.1194
10 133	477154	17870.6	495025	89.398
10 134	484528	20223.4	504751	127.866
10 135	476084	19194.8	495279	124.218
10 136	450655	31408.6	482064	92.5282
10 137	462860	17356.8	480217	99.1934
10 138	475305	18424.1	493729	89.7044
10 139	508331	46743.7	555075	204.473
10 140	468331	15611	483942	97.1118
10 141	491939	20594.2	512533	136.717
10 142	445804	28069.4	473873	96.0757
10 143	521231	28984.5	550215	134.927
10 144	460140	13212.3	473353	89.6122
10 145	465971	14858.4	480830	91.1973
 1829.35, 32.2423, 11.0967, 0.898446, 0.363421, 0.216896, 0.1445, 0.10227,
11 1	493029	35095.7	528125	40.4602
11 2	761957	142069	904026	88.3678
11 3	441026	41405.2	482431	71.0522
11 4	494989	28682.9	523672	42.589
11 5	433525	33503.6	467029	53.2202
11 6	513578	41633.8	555212	50.4395
11 7	497512	61279.7	558791	39.3325
11 8	511812	38347	550159	39.3036
11 9	525281	63015.5	588297	43.6046
11 10	504708	33352.6	538060	40.2298
11 11	499112	42479.5	541592	40.3424
11 12	410334	31950.5	442284	37.9311
11 13	492462	31891.5	524354	36.7995
11 14	486954	33817.9	520772	38.751
11 15	491360	56824.2	548184	39.9991
11 16	489384	36962.5	526346	73.371
11 17	453089	29836.3	482925	48.3619
11 18	506349	57864.1	564213	50.0048
11 19	446648	45735.3	492384	43.9076
11 20	468545	24326.4	492872	42.7058
11 21	508403	36608	545011	39.8187
11 22	478440	30415.1	508855	58.0255
11 23	495753	27221.2	522974	45.813
11 24	441367	35117	476484	39.713
11 25	479643	55517.4	535160	63.1571
11 26	504742	61980.6	566723	57.7693
11 27	453688	45113.2	498802	46.772
11 28	479828	30087.8	509916	47.247
11 29	475886	37435.4	513321	41.5371
11 30	414174	39053.3	453227	46.292
11 31	450260	33176.6	483437	38.6664
11 32	466902	34727	501629	40.7105
11 33	469815	28696.8	498512	50.3573
11 34	476987	32227.3	509214	60.0342
11 35	426095	26183.9	452279	36.7292
11 36	437107	29251.6	466358	38.0809
11 37	436658	38426.5	475085	37.0737
11 38	465222	38267.6	503490	36.639
11 39	443578	25973.3	469552	43.8573
11 40	442049	25265.6	467315	44.1075
11 41	504114	44383.2	548497	39.3135
11 42	438070	24194.2	462264	47.4198
11 43	481473	32667	514140	41.656
11 44	476073	29504.4	505578	37.5891
11 45	506456	26867.2	533323	56.8928
11 46	514634	66844.3	581478	44.281
11 47	444712	32492.4	477204	38.5252
11 48	433346	28823.1	462169	35.4681
11 49	473670	27971.2	501641	50.7475
11 50	425142	28998.8	454141	40.2699
11 51	421615	52052.1	473667	57.9461
11 52	456918	38284.2	495202	50.1496
11 53	616726	51383.5	668109	78.0207
11 54	443911	41261.8	485172	39.2326
11 55	423460	28589.7	452050	41.5486
11 56	431513	29222.9	460736	39.2679
11 57	427119	29799.4	456918	38.9216
11 58	455588	25295.3	480883	42.7785
11 59	422517	29321.5	451838	61.85
11 60	477497	32636.9	510134	37.5181
11 61	453860	34292.6	488153	40.7419
11 62	454624	41867.7	496491	45.3453
11 63	446731	29589.8	476321	49.7393
11 64	405800	25652.1	431452	41.962
11 65	518294	101435	619729	82.3653
11 66	450578	42440	493018	42.2765
11 67	469851	30086.2	499937	41.3579
11 68	430551	30131.2	460682	48.9596
11 69	483671	41948.2	525619	64.5782
11 70	442409	25958.4	468367	42.1332
11 71	460241	25908.3	486149	44.16
11 72	439516	28484.2	468000	39.9153
11 73	442004	30132.2	472136	43.4798
11 74	462145	38986.5	501132	79.9902
11 75	436304	28639.2	464943	47.0391
11 76	530801	56745.2	587546	80.5008
11 77	446992	40575.2	487567	40.5715
11 78	441560	28478.1	470038	40.5189
11 79	454589	41968.2	496557	46.8348
11 80	498624	39099	537723	40.0015
11 81	455394	29937.2	485332	45.6092
11 82	472160	31953.3	504113	44.4791
11 83	482921	35570.4	518491	96.7925
11 84	421457	25384.4	446842	44.6236
11 85	439884	34328.5	474212	44.5648
11 86	457277	40914.1	498191	82.9365
11 87	453585	29073.6	482659	41.0584
11 88	415768	31389.4	447158	62.6178
11 89	484271	47558.6	531830	39.1638
11 90	462747	31948.5	494696	48.0308
11 91	465736	27130.6	492866	38.2426
11 92	459411	32886.8	492298	37.9963
11 93	510094	52106.4	562200	39.788
11 94	440492	21349.3	461841	46.5659
11 95	465931	35570.8	501502	42.0354
11 96	443829	43370.7	487200	52.7143
11 97	459690	30514	490204	39.7048
11 98	441853	38449.2	480302	80.0796
11 99	528858	49087.3	577946	41.9666
11 100	418379	27412.1	445791	44.8212
11 101	496254	31396.3	527650	47.9506
11 102	458274	25945.9	484220	48.7368
11 103	439476	24320.6	463797	38.926
11 104	536725	81774.1	618499	74.2377
11 105	415851	34521.7	450373	42.6176
11 106	469461	26457.4	495918	43.0444
11 107	448716	35176	483892	38.956
11 108	450836	26379.4	477216	44.9455
11 109	429313	36007.4	465320	37.2815
11 110	447063	28716.2	475779	47.1658
11 111	493847	39905.3	533753	36.0912
11 112	447590	31468.5	479058	43.2878
11 113	499911	65853.5	565764	41.0821
11 114	454660	36248.7	490909	47.0173
11 115	479783	67674.5	547457	97.603
11 116	827645	150868	978513	90.4562
11 117	441542	39947.9	481490	60.4225
11 118	462871	41778.5	504650	40.5074
11 119	479535	49415.3	528951	51.7288
11 120	453290	44669.8	497959	41.6649
11 121	406938	58187.1	465125	65.5659
11 122	457791	40657.8	498449	46.0514
11 123	479540	34709.7	514249	55.3425
11 124	496978	30992.2	527970	37.6602
11 125	470395	40013.2	510409	39.1818
11 126	424527	35629	460156	43.3815
11 127	446641	24770.4	471412	88.3752
11 128	453988	32843.3	486831	37.1763
11 129	529353	64365.3	593718	45.5285
11 130	411406	30336.2	441742	40.0342
11 131	474655	30580.1	505236	41.7321
11 132	423893	27838.9	451732	36.0796
11 133	457002	29699.6	486702	49.3102
11 134	465108	31712.2	496821	41.9848
11 135	454211	32917.1	487128	45.9056
11 136	428646	44750.2	473396	35.2025
11 137	441492	30522.8	472015	39.1237
11 138	457222	29542.2	486764	37.9626
11 139	472702	66830.8	539533	67.7068
11 140	449069	27165	476234	56.9695
11 141	467204	35023.7	502227	46.1833
11 142	426122	39991.1	466113	62.1792
11 143	493268	45208	538476	55.3957
11 144	442543	23412.8	465955	43.5355
11 145	447895	25328.8	473223	37.951
 1830.7, 32.0081, 10.934, 0.892163, 0.362265, 0.216271, 0.144103, 0.101995,
12 1	489152	37666.4	526818	30.7155
12 2	751419	149758	901178	56.4896
12 3	437604	44404	482008	62.822
12 4	491439	31205.6	522644	46.2245
12 5	430221	36110.8	466332	59.0374
12 6	509781	44162.4	553943	91.6203
12 7	492761	64596.4	557358	39.483
12 8	507964	41074	549039	29.1047
12 9	520641	66165.2	586807	43.6908
12 10	501189	36229.8	537419	27.4258
12 11	494929	45137.3	540066	49.9045
12 12	407315	34192.2	441507	56.0279
12 13	488949	34381.3	523330	30.5089
12 14	483324	36705.8	520030	28.7537
12 15	487089	59699.3	546789	37.2122
12 16	485759	38400.7	524160	112.817
12 17	449769	32506	482275	67.2265
12 18	501605	60888	562493	44.4998
12 19	443382	48678.3	492060	57.3322
12 20	466003	26205.1	492208	110.888
12 21	504398	39621.7	544020	29.7413
12 22	475757	30653.4	506410	108.853
12 23	492587	29441.1	522029	63.2979
12 24	437869	37865.5	475734	43.3499
12 25	476000	57142.3	533142	130.999
12 26	499600	65143.3	564743	50.7183
12 27	449957	48105.4	498062	47.7737
12 28	476670	32557.1	509227	43.391
12 29	472339	40430.9	512770	41.7084
12 30	410865	41785.8	452651	68.3569
12 31	446671	35745.3	482416	30.794
12 32	463275	37231.5	500507	31.2718
12 33	466788	30719.2	497507	67.035
12 34	473186	34938.6	508125	44.1082
12 35	422946	28137.4	451083	28.596
12 36	433623	31759.3	465382	28.3271
12 37	433114	41187	474301	33.3644
12 38	461497	41358.4	502856	27.7137
12 39	440829	28068.4	468897	96.8341
12 40	438735	27418.6	466154	56.9718
12 41	499947	47167.7	547115	30.8302
12 42	435043	26245.8	461289	37.3616
12 43	478125	35243	513368	49.8406
12 44	472423	31894.2	504317	29.2286
12 45	503626	29083.6	532709	63.8132
12 46	509583	69678.9	579262	32.8455
12 47	440963	35312.5	476276	28.6384
12 48	430136	30807.4	460943	45.6786
12 49	470268	30358	500625	78.7205
12 50	422415	30968.8	453383	55.7811
12 51	418210	54841.7	473052	66.3957
12 52	453095	40777.7	493873	100.314
12 53	612117	55820.4	667938	43.9187
12 54	440379	44096.2	484476	55.7075
12 55	420303	30916.1	451219	38.0316
12 56	428440	31202.3	459643	61.7129
12 57	424181	31781.7	455963	50.9583
12 58	452633	27687.6	480320	68.9604
12 59	419477	31431.4	450908	50.8843
12 60	473324	35452.7	508776	31.7048
12 61	449732	37010.5	486742	48.1372
12 62	450840	45076.8	495917	103.582
12 63	443438	31542.8	474980	72.153
12 64	403028	27652.4	430680	65.8788
12 65	509299	106797	616096	69.1892
12 66	447166	45261.8	492428	41.2278
12 67	466347	32338.3	498685	39.7778
12 68	427560	32452.7	460013	61.6926
12 69	479744	45182	524926	51.5904
12 70	439269	28253.4	467522	44.9195
12 71	457408	28137.2	485545	94.2981
12 72	436266	31003.5	467270	40.1441
12 73	438621	32904.8	471526	47.7592
12 74	457472	42096.3	499569	47.7455
12 75	433118	30777.2	463896	48.403
12 76	522734	57686.4	580420	75.7443
12 77	443310	43090.3	486400	56.8277
12 78	438190	31061.5	469252	44.0927
12 79	450394	44495.3	494890	101.589
12 80	494655	41781.3	536436	81.8589
12 81	452300	32145.9	484446	94.1699
12 82	469376	34099.7	503476	99.1765
12 83	478754	38777.8	517532	80.0331
12 84	418564	27362.6	445926	49.6911
12 85	436917	36701.5	473619	90.8142
12 86	452767	43845.9	496613	72.959
12 87	450020	31568.5	481588	49.4394
12 88	412743	33623.4	446367	51.545
12 89	480014	50276.4	530290	44.5471
12 90	459779	33886.3	493666	100.372
12 91	462717	29208.5	491926	68.2527
12 92	455803	35456.5	491259	33.0566
12 93	505522	55431.5	560954	36.6057
12 94	437693	23296.2	460989	47.1839
12 95	462691	37541	500232	76.1133
12 96	441986	44047.1	486033	171.423
12 97	456277	32863.1	489140	61.1286
12 98	437884	40430.5	478315	65.6102
12 99	523910	52417.6	576328	34.9827
12 100	415408	29594.5	445002	66.9022
12 101	492696	34438.1	527134	32.4512
12 102	455231	28328.9	483560	54.2687
12 103	436238	26293.2	462531	29.4249
12 104	530373	85977.6	616350	59.0879
12 105	412619	36872.4	449491	57.7825
12 106	466164	29003.4	495167	42.2529
12 107	444886	37630.9	482517	37.3837
12 108	447567	28673.3	476240	79.9575
12 109	425552	39012.7	464565	33.986
12 110	443912	30689.4	474601	94.8683
12 111	489745	42933	532678	23.0306
12 112	443880	33867	477747	58.3276
12 113	495585	68462.1	564047	28.4711
12 114	450599	38958.7	489558	38.2299
12 115	473519	71279.5	544798	123.908
12 116	817347	158761	976108	79.9957
12 117	437376	40971.5	478347	90.308
12 118	458828	44089.3	502917	51.0617
12 119	474461	52578.6	527040	63.0764
12 120	449037	48069.1	497106	29.8921
12 121	403225	61282	464507	71.8787
12 122	453740	43273.2	497013	83.7548
12 123	475823	37335.9	513158	57.7554
12 124	493346	33793.5	527140	26.6263
12 125	466646	43221.5	509868	32.0697
12 126	420982	38203.6	459185	37.3513
12 127	443379	27338.3	470717	40.666
12 128	450447	35624.1	486071	27.6564
12 129	524713	67353.5	592067	34.4211
12 130	408529	32590.5	441120	72.9358
12 131	471172	33119.5	504292	41.4231
12 132	420881	30057.8	450939	38.0958
12 133	453666	32319.7	485985	34.7517
12 134	462523	33622.2	496145	92.7414
12 135	450745	35735.8	486481	71.9076
12 136	425254	47762.9	473017	56.0352
12 137	437889	33225	471114	35.7627
12 138	453927	32163.7	486090	33.133
12 139	467582	70138.2	537721	131.765
12 140	445524	29906.6	475431	44.9069
12 141	463563	37314.1	500877	80.3405
12 142	422604	42862.9	465467	52.8217
12 143	488542	48215.7	536758	66.5849
12 144	439507	25505.2	465012	38.8758
12 145	444743	27613.3	472356	32.7923
 1831.94, 31.9191, 10.8763, 0.89005, 0.361893, 0.216072, 0.143967, 0.101906,
13 1	488735	19536.8	508272	78.7331
13 2	745721	79367.5	825089	178.625
13 3	438070	22987.7	461058	102.318
13 4	491127	16328.5	507456	79.1378
13 5	429866	18805.5	448672	83.4279
13 6	509423	23040.9	532464	83.6779
13 7	492426	33063.2	525489	76.0696
13 8	507911	21275.4	529187	77.5145
13 9	520526	33891.7	554418	86.2108
13 10	501145	18874.6	520020	79.822
13 11	494291	23230.8	517522	79.4767
13 12	407040	17688.3	424728	72.4385
13 13	488922	17827.4	506749	75.8678
13 14	483200	19155.9	502356	81.0206
13 15	487085	30632.4	517718	83.4534
13 16	485442	20003	505445	113.506
13 17	448889	16948.3	465837	88.0036
13 18	501139	31055.9	532195	91.0331
13 19	443754	25263.8	469018	80.6669
13 20	464920	13642.9	478563	80.5844
13 21	504386	20630.2	525016	78.2296
13 22	474992	15933.4	490926	81.817
13 23	492356	15387.2	507743	87.4011
13 24	437693	19718.9	457411	75.9125
13 25	474952	29302.4	504254	89.0771
13 26	498897	33374.6	532271	83.4385
13 27	449588	24933.6	474522	87.1256
13 28	476418	17037.4	493455	87.3505
13 29	471929	21081.9	493011	83.4828
13 30	410897	21517	432414	74.9344
13 31	446235	18602.4	464838	78.1009
13 32	462741	19386.6	482127	81.0372
13 33	466317	16076.6	482393	86.3873
13 34	472935	18241.7	491177	87.5228
13 35	422707	14584.6	437292	72.9725
13 36	433286	16589.8	449875	78.8656
13 37	433449	21347.7	454797	73.9614
13 38	461466	21537.7	483004	76.5665
13 39	439639	14639.2	454278	85.0526
13 40	438180	14296.7	452477	88.9562
13 41	499846	24258.2	524104	78.722
13 42	434525	13665.1	448190	82.315
13 43	477606	18408.3	496014	80.1819
13 44	471985	16595.5	488581	75.1713
13 45	503072	15231.1	518303	85.2904
13 46	510031	35724.1	545755	91.1781
13 47	440476	18435.3	458911	78.208
13 48	429819	15887.4	445706	73.9402
13 49	469485	15864.9	485349	80.2677
13 50	422268	15987	438255	71.1126
13 51	418884	28337.9	447222	80.4168
13 52	451982	21236.9	473219	83.0605
13 53	612380	28695.8	641075	110.222
13 54	440454	22876.3	463330	81.3551
13 55	419841	16072.7	435914	75.7806
13 56	428194	16061.2	444256	80.6427
13 57	423957	16387.5	440344	72.2735
13 58	451967	14496.7	466464	83.0338
13 59	419234	16210.2	435445	83.53
13 60	472720	18422.1	491142	75.9342
13 61	449190	19265	468455	82.4911
13 62	450224	23358.1	473582	89.1921
13 63	442638	16563.9	459202	86.8916
13 64	402495	14355.4	416850	79.8434
13 65	506959	54616.3	561575	105.416
13 66	447273	23449.3	470723	76.8086
13 67	465934	16726.2	482660	78.9809
13 68	427053	16921.6	443975	83.9058
13 69	479111	23498.6	502610	102.449
13 70	438541	14835.9	453377	78.9437
13 71	456435	14768.3	471203	81.4078
13 72	435898	16196.6	452094	75.7938
13 73	438255	17177.7	455433	82.668
13 74	456819	21785.5	478605	93.9425
13 75	432313	15940	448253	82.1785
13 76	522741	30213.7	552955	115.063
13 77	443324	22216.9	465541	74.6169
13 78	437696	16267.6	453964	78.8266
13 79	449277	22953.2	472230	82.5112
13 80	493800	21497.6	515297	84.2439
13 81	451478	16906.4	468384	75.3511
13 82	468906	17798.6	486705	79.6117
13 83	478163	20090.9	498254	117.473
13 84	418176	14196.1	432372	74.9596
13 85	436574	19154.3	455728	76.7881
13 86	452389	22450.1	474839	108.273
13 87	449462	16465.7	465928	80.1888
13 88	412419	17279.8	429699	88.5773
13 89	479188	25784.3	504972	81.4357
13 90	458714	17648.7	476363	83.7115
13 91	462025	15178.6	477203	79.9663
13 92	455414	18400.6	473815	79.5432
13 93	505358	28536.8	533894	82.3825
13 94	436977	12167.4	449144	80.1934
13 95	462098	19374.5	481473	76.518
13 96	440893	22684.8	463578	74.7292
13 97	455648	17103.8	472752	78.9378
13 98	438166	20806.6	458973	103.002
13 99	523509	26907.3	550416	83.2102
13 100	414941	15408	430349	77.5641
13 101	492485	17975.4	510461	86.3842
13 102	454535	14825	469360	87.6445
13 103	435787	13629.4	449416	73.768
13 104	528977	43924.6	572901	97.4491
13 105	412586	19091.6	431677	73.6901
13 106	465675	15208.5	480884	77.272
13 107	444577	19374.7	463951	81.5462
13 108	446783	14976.7	461760	89.9177
13 109	425386	20288	445674	77.1814
13 110	442766	15979.5	458746	81.5443
13 111	489850	22157.6	512008	76.907
13 112	443397	17730.3	461127	78.7208
13 113	495864	34775.9	530640	91.6527
13 114	450112	20035.8	470147	81.0161
13 115	472908	36387.4	509296	112.131
13 116	813985	83197.2	897182	176.882
13 117	437609	21236.9	458846	84.6529
13 118	458027	22616.9	480644	82.4158
13 119	473725	27062.5	500788	95.6217
13 120	448597	25031.1	473628	82.4462
13 121	404489	31557.1	436046	96.2801
13 122	452645	22290.6	474935	82.8559
13 123	475365	19233.2	494598	89.6222
13 124	493018	17618.4	510637	76.8593
13 125	466217	22419.7	488637	85.4545
13 126	421315	19724	441039	74.7146
13 127	442737	14079.3	456817	102.374
13 128	450045	18559.6	468604	78.0411
13 129	525124	34414.8	559538	88.1256
13 130	408321	16887.5	425208	72.5882
13 131	470788	17266.1	488054	80.8655
13 132	420634	15639.8	436274	71.7977
13 133	453224	16833.7	470058	78.1
13 134	462036	17325.2	479361	78.5331
13 135	450335	18713.5	469049	83.9529
13 136	425761	24642.6	450404	77.1464
13 137	437298	17271.8	454570	82.349
13 138	453659	16768.9	470428	74.8066
13 139	466295	36090.7	502386	92.6522
13 140	445188	15712.2	460900	86.6447
13 141	462437	19263.1	481700	81.4702
13 142	423169	22136.3	445305	88.5293
13 143	487859	24819.4	512678	91.2444
13 144	438835	13353.5	452188	76.4622
13 145	444376	14416.2	458793	76.0794
 1846.94, 30.6971, 13.5974, 0.932539, 0.347443, 0.208218, 0.139444, 0.0990591,
14 1	470711	30337.5	501049	38.8381
14 2	657943	139908	797852	84.853
14 3	421844	33429.1	455273	64.6731
14 4	474424	26582.5	501006	53.3068
14 5	413912	28537.1	442449	52.7737
14 6	491241	34302.9	525544	83.4537
14 7	474626	43218.8	517845	45.5215
14 8	490899	31667.6	522567	38.0292
14 9	500332	46015.4	546348	42.4232
14 10	484619	29544.9	514164	39.1921
14 11	475829	34187	510016	38.5163
14 12	393121	26040.7	419161	39.6687
14 13	472683	27835.4	500518	37.4146
14 14	465392	30556.5	495948	37.2474
14 15	466914	42642.7	509557	37.657
14 16	465297	33840.9	499138	85.6829
14 17	431756	27712.8	459469	47.6912
14 18	480306	43524.6	523830	51.9826
14 19	427101	35915.3	463016	58.3252
14 20	449331	23314.9	472646	84.4636
14 21	486874	31416	518290	39.5221
14 22	459517	25788.1	485305	85.8371
14 23	475924	25780.7	501705	67.2234
14 24	421914	29415.3	451330	41.3308
14 25	455045	41440.2	496485	86.9202
14 26	479167	44565.6	523733	51.9227
14 27	431960	36322.6	468283	57.6369
14 28	460096	27627.7	487724	51.0018
14 29	453940	32855	486795	50.7672
14 30	395926	30545.1	426471	45.1656
14 31	428606	29315.1	457922	37.7084
14 32	443848	30761.4	474610	38.9964
14 33	450517	26228.2	476745	68.1733
14 34	454854	29615.6	484470	47.2539
14 35	407495	23607.8	431102	36.8623
14 36	415183	27715	442898	37.224
14 37	417044	31316.1	448360	36.3751
14 38	444397	32330.3	476727	35.124
14 39	423013	24964.5	447977	70.9591
14 40	422216	24194	446410	47.408
14 41	481345	35456.6	516802	38.0456
14 42	418531	23379	441910	41.56
14 43	460416	28930.4	489347	54.2747
14 44	455310	26432	481742	37.028
14 45	488002	25217.1	513219	65.1588
14 46	485080	50181.7	535262	40.8078
14 47	422639	29397.4	452037	36.5805
14 48	414115	25064.8	439180	35.2183
14 49	453675	26227.1	479902	109.342
14 50	409123	23754.3	432877	37.217
14 51	402749	38397.6	441147	54.9398
14 52	433849	32341.1	466190	67.2686
14 53	582190	49659.9	631850	56.7291
14 54	423062	33709.9	456772	58.9415
14 55	405592	24572.4	430164	41.8052
14 56	412615	25739.9	438355	47.0346
14 57	409667	24780.6	434447	45.2185
14 58	436089	24494.2	460583	46.4813
14 59	404586	25187	429773	47.7574
14 60	455357	28653.5	484011	37.13
14 61	429411	30937	460348	40.24
14 62	431037	35139.7	466176	43.2641
14 63	425057	27237.5	452295	65.0949
14 64	387703	23198.3	410902	41.7733
14 65	478919	70164.5	549083	65.5025
14 66	431105	33559.7	464665	41.4806
14 67	449312	26507.1	475819	42.6633
14 68	412110	26292.9	438403	55.9527
14 69	458030	37368.1	495398	55.7145
14 70	422224	24931	447155	46.2532
14 71	439850	25243.2	465093	67.1954
14 72	420796	25442.1	446238	42.0852
14 73	422365	27228	449594	47.2209
14 74	437270	33711.4	470981	37.4517
14 75	415855	25990.5	441846	42.9051
14 76	498765	44627.6	543392	77.4747
14 77	426975	32212.5	459188	59.8086
14 78	421301	26358	447659	47.3544
14 79	429968	34521.3	464489	67.3337
14 80	474584	33089.8	507674	40.8376
14 81	436085	26495.4	462581	86.21
14 82	453280	27632.4	480913	78.428
14 83	458560	32919.3	491479	61.2576
14 84	403864	22788	426652	46.6623
14 85	421857	28681.5	450539	94.445
14 86	433036	33876.4	466912	46.3722
14 87	432403	26880.2	459283	52.027
14 88	397506	26153.6	423659	39.0883
14 89	459889	37433.7	497323	38.3835
14 90	442298	27853.7	470152	81.4119
14 91	445015	25665.7	470681	40.2738
14 92	438370	28744.4	467115	40.0133
14 93	486209	39909.5	526118	39.8484
14 94	421671	21462.4	443134	47.6862
14 95	445345	29231	474576	53.7867
14 96	426055	32350.5	458405	112.011
14 97	438178	27712.2	465890	53.1697
14 98	422802	30591	453393	65.3156
14 99	504037	38774.6	542812	42.2709
14 100	400029	24378.4	424407	53.0159
14 101	475426	29140.8	504567	41.6603
14 102	438106	25310.5	463417	52.3076
14 103	420463	22617.4	443080	36.3566
14 104	506574	56976.6	563550	47.3224
14 105	397779	27767.5	425547	42.1641
14 106	450108	24751.9	474860	46.9492
14 107	426054	30593.3	456648	37.0405
14 108	429302	25532.8	454835	42.2262
14 109	409457	29927.8	439385	36.4433
14 110	426062	26028.4	452090	77.6454
14 111	473211	32220.6	505431	33.9745
14 112	425932	28266.9	454199	45.2909
14 113	473246	48682.7	521928	37.5278
14 114	431642	31039.5	462681	39.1412
14 115	448621	51263.7	499885	91.6457
14 116	718990	149134	868124	93.8202
14 117	421962	31458.5	453420	87.8123
14 118	438597	34123.7	472721	42.4343
14 119	449764	41586.4	491351	66.9771
14 120	428545	37515.8	466060	36.746
14 121	386954	42011.5	428965	64.1215
14 122	433496	33993.2	467489	81.1039
14 123	458201	30011.9	488213	58.2323
14 124	476880	27890	504770	35.2534
14 125	448636	33658.4	482295	43.8913
14 126	405929	29054.6	434983	45.5942
14 127	427170	23645.2	450815	43.488
14 128	432913	29079.1	461992	36.8213
14 129	502079	48100.6	550179	41.1828
14 130	394170	25364.5	419535	47.5132
14 131	453529	27928.4	481457	41.6107
14 132	406312	24323.3	430636	38.4242
14 133	436317	27216.4	463533	46.6491
14 134	447172	26598.6	473770	73.8144
14 135	432007	30455	462462	63.8357
14 136	409373	34602.3	443976	33.3919
14 137	419167	28644.9	447812	37.5898
14 138	438682	26034.2	464716	38.2543
14 139	444443	49425.7	493869	102.619
14 140	428542	26004.7	454547	45.0876
14 141	443745	30703.3	474448	64.1217
14 142	407166	32012.2	439178	52.1733
14 143	466934	37472.2	504406	45.8228
14 144	423399	22792.3	446191	42.3181
14 145	429116	23762.1	452878	39.0302
 1848.6, 30.5232, 13.5189, 0.929266, 0.346712, 0.207851, 0.139206, 0.0989054,
15 1	467509	32645	500154	31.4215
15 2	647363	145305	792668	68.1761
15 3	418689	35817.1	454506	50.4773
15 4	471214	29122.8	500336	34.5197
15 5	411184	30896.1	442080	63.5593
15 6	487023	37572.4	524595	39.0037
15 7	470684	46068	516752	25.9536
15 8	487423	34279.2	521702	30.436
15 9	496426	48745.5	545172	30.7583
15 10	481358	32259.3	513617	33.4138
15 11	472591	36691.7	509283	72.1044
15 12	390777	28062.9	418840	54.7526
15 13	469643	30202	499845	46.7134
15 14	462218	33091.1	495309	28.5709
15 15	463153	45561.1	508714	65.3906
15 16	462393	36008.4	498401	107.955
15 17	428817	30082.6	458900	43.6622
15 18	476525	46127.9	522653	37.3291
15 19	424096	38541.5	462637	34.8532
15 20	446738	25336.2	472075	79.0619
15 21	483479	34072.2	517552	34.196
15 22	456226	28069	484295	51.7202
15 23	472854	28058.7	500913	39.8893
15 24	418978	31766.7	450744	38.0728
15 25	450847	44427.7	495274	64.6768
15 26	475283	47291.4	522574	44.132
15 27	428852	38835.9	467687	40.0201
15 28	457398	29875.9	487274	47.1389
15 29	450710	35530.4	486241	39.5156
15 30	392944	32890.6	425834	37.0139
15 31	425836	31469.9	457306	31.2317
15 32	440600	33264.8	473864	34.1176
15 33	447659	28440.5	476100	43.4783
15 34	451599	31964.7	483564	44.5159
15 35	404817	25578	430395	31.488
15 36	412011	30187.9	442199	28.4991
15 37	413983	33749.1	447733	26.3436
15 38	441141	34925.9	476067	24.4861
15 39	419916	27150.5	447067	43.4609
15 40	419553	26329.5	445882	78.8127
15 41	477880	38118.8	515999	46.9525
15 42	416151	25307	441457	48.0042
15 43	457124	31450.7	488574	30.4233
15 44	452170	28726.3	480896	29.711
15 45	484901	27670.8	512572	53.8032
15 46	481339	52549.7	533889	33.8531
15 47	419398	32106.4	451505	35.1251
15 48	411610	27023.4	438634	61.2841
15 49	449889	28741.5	478631	54.0006
15 50	406601	25729.2	432330	46.5928
15 51	400036	41023.9	441060	75.4862
15 52	430178	35153.6	465332	49.2532
15 53	577751	53433.7	631185	55.8218
15 54	419848	36248.9	456097	27.8871
15 55	402913	26654.7	429568	34.7659
15 56	410112	27711.5	437823	66.9638
15 57	406971	26806.3	433777	57.741
15 58	433587	26700.8	460288	73.3678
15 59	402155	27381.9	429537	66.5837
15 60	452237	31179.2	483416	87.3244
15 61	425948	33495.9	459444	36.4405
15 62	427480	37946.4	465426	59.0645
15 63	422029	30008.2	452038	65.353
15 64	385280	25146.1	410426	46.3242
15 65	472987	73784.5	546772	69.5032
15 66	428242	35978.5	464221	36.9268
15 67	446442	28654.9	475097	43.8138
15 68	409374	28554.2	437928	49.3245
15 69	454705	40100.8	494806	53.6829
15 70	419289	27177.4	446466	34.3912
15 71	436762	27509.4	464272	48.5017
15 72	417960	27843.7	445803	33.2946
15 73	419361	29707.5	449069	39.7563
15 74	433746	36388.8	470135	54.0862
15 75	413267	28094.7	441362	61.7631
15 76	493412	48571	541983	105.297
15 77	423899	34892.6	458792	60.1533
15 78	418282	28662.3	446944	31.0106
15 79	426632	36919.7	463552	76.7807
15 80	471105	35480.7	506586	37.8798
15 81	432468	29383.3	461852	40.95
15 82	450241	30314.1	480555	72.3413
15 83	455570	35589.8	491160	90.3223
15 84	401370	24810.5	426180	55.9455
15 85	418474	31217.9	449692	38.3617
15 86	431044	35862.2	466906	156.222
15 87	429216	29381	458597	35.3316
15 88	395355	28055.7	423411	81.4192
15 89	456561	39774	496335	34.5364
15 90	439072	30091	469163	59.0424
15 91	442292	27703.1	469995	34.3536
15 92	435385	31020.1	466405	34.1225
15 93	482580	42873.6	525453	89.9475
15 94	419192	23388	442580	47.0625
15 95	442456	31396.1	473852	62.2624
15 96	422604	34680	457284	118.599
15 97	434957	30192.2	465150	55.0593
15 98	419786	32150	451936	58.8625
15 99	499834	41913.7	541747	40.3883
15 100	397257	26576	423832	44.9672
15 101	472112	31832	503944	38.6506
15 102	435556	27393.2	462950	60.3211
15 103	417829	24598.7	442428	43.6267
15 104	501970	60142	562112	44.5806
15 105	395347	29824.6	425172	66.0964
15 106	447191	27116.2	474308	42.8849
15 107	423071	32777.2	455848	48.2511
15 108	426319	27773.6	454092	35.2383
15 109	406530	32277.8	438808	28.7442
15 110	422778	28278.2	451056	50.6768
15 111	469768	34920.8	504689	25.2476
15 112	422848	30783	453631	73.6693
15 113	470169	50728.9	520898	79.2839
15 114	428692	33365.8	462058	96.012
15 115	446649	53936.9	500586	244.423
15 116	709101	154049	863150	63.6427
15 117	418138	34567	452705	59.5073
15 118	435901	36075.5	471977	72.7514
15 119	444835	45922.3	490757	138.536
15 120	425254	40327.5	465581	29.8926
15 121	383615	45008.7	428623	70.4544
15 122	430040	36323.8	466364	63.5452
15 123	454951	32347.8	487299	49.5257
15 124	473793	30278.7	504072	26.8179
15 125	445646	36119.4	481765	35.8388
15 126	402868	31416.1	434284	31.8128
15 127	425016	25655.3	450671	83.3639
15 128	430150	31586.1	461736	58.2303
15 129	498365	50661.9	549027	35.2924
15 130	391565	27555.8	419121	62.4549
15 131	450663	30155.6	480819	42.8073
15 132	403810	26324.8	430134	36.5822
15 133	433614	29664.5	463278	67.5217
15 134	444483	28677.7	473161	78.4203
15 135	428844	32963.7	461808	39.023
15 136	406473	37121.8	443595	33.6683
15 137	416111	31122.2	447234	41.6901
15 138	435828	28275	464103	35.9803
15 139	439051	52713.6	491765	63.9027
15 140	425650	28392.6	454043	52.1738
15 141	440730	32780.3	473511	53.6543
15 142	404106	34357.4	438464	57.6557
15 143	463734	39799.9	503534	92.5759
15 144	420598	24895.5	445493	38.5491
15 145	426512	25874.3	452387	42.6757
 1849.93, 30.4264, 13.4724, 0.927022, 0.346173, 0.207548, 0.139008, 0.0987703,
16 1	466293	33979.3	500272	29.4539
16 2	636505	154735	791240	62.7696
16 3	417639	37160.9	454800	52.0915
16 4	470104	30458.8	500562	44.9387
16 5	410006	32117.4	442123	48.3467
16 6	486053	38698.2	524751	83.5822
16 7	469417	47527.2	516945	31.8707
16 8	486237	35718.7	521956	27.1928
16 9	495057	50281.2	545339	30.7379
16 10	480211	33742.5	513954	24.5966
16 11	470948	38113.2	509062	36.2349
16 12	389707	29192.8	418900	40.605
16 13	468519	31473.5	499993	31.1157
16 14	461103	34593.6	495697	27.0532
16 15	461651	47139.4	508790	33.0675
16 16	460260	37247.4	497508	70.5014
16 17	427652	31398.1	459050	43.995
16 18	475041	47405.3	522447	29.7268
16 19	423154	39865	463019	46.4612
16 20	445483	26425	471907	79.4134
16 21	482195	35617.7	517812	27.2824
16 22	455642	28858.6	484500	91.0382
16 23	471819	29202.4	501021	54.3644
16 24	417890	33072.7	450963	33.7113
16 25	450462	45076.8	495539	117.003
16 26	473973	48625.9	522599	39.122
16 27	427734	40245.6	467979	46.1082
16 28	456334	31205.8	487540	40.4223
16 29	449424	37005	486429	32.0236
16 30	391938	34188.7	426126	42.7696
16 31	424623	32893.3	457516	29.8917
16 32	439176	34841.6	474017	29.1602
16 33	446699	29440.9	476140	54.453
16 34	450336	33430.8	483767	34.3128
16 35	403784	26668.7	430453	28.4036
16 36	410629	31694.8	442324	26.5846
16 37	412943	35153	448096	25.9536
16 38	440037	36334.9	476372	24.1372
16 39	418804	28237.4	447042	56.6436
16 40	418213	27595.4	445808	43.5872
16 41	476462	39581.4	516043	30.0391
16 42	414589	26547.8	441137	34.4917
16 43	456021	32769.4	488790	44.0468
16 44	450898	30071.8	480969	28.0901
16 45	483682	28829.2	512511	40.9572
16 46	479830	54182.1	534012	31.7237
16 47	418028	33726.8	451755	27.1067
16 48	410448	28101.7	438550	33.2451
16 49	448324	29956.9	478281	54.8707
16 50	405672	26788.8	432461	35.5011
16 51	398981	42172.7	441153	53.0838
16 52	428922	36136.7	465058	60.3801
16 53	576172	55520.9	631693	40.9529
16 54	418804	37661	456465	46.547
16 55	401794	27860	429654	32.9454
16 56	408840	28826.2	437667	43.8249
16 57	405834	27831.6	433665	46.7035
16 58	432252	27990.3	460242	46.9149
16 59	400784	28298.1	429082	34.8596
16 60	450601	32591	483192	36.8113
16 61	424603	34991	459594	33.9661
16 62	426112	39443.8	465556	54.5841
16 63	420591	30931.6	451522	58.1776
16 64	384165	26268.8	410434	39.0816
16 65	470490	75580.9	546071	48.2064
16 66	427259	37302.3	464562	35.2408
16 67	445249	29868.2	475117	33.1455
16 68	408293	29752.2	438045	47.6861
16 69	453200	41879.7	495079	45.5666
16 70	417981	28574.6	446556	35.024
16 71	435584	28799.9	464384	65.4178
16 72	416754	29218.1	445973	31.9245
16 73	418179	31070.3	449249	38.0085
16 74	432300	37845.7	470146	31.4091
16 75	411877	29321.6	441199	35.7844
16 76	491629	49451.2	541080	74.8165
16 77	422514	35942.6	458457	45.8387
16 78	417118	29961.6	447080	37.9716
16 79	425316	38219.6	463536	74.5191
16 80	469737	36808.9	506546	33.8988
16 81	431472	30364.1	461836	70.5573
16 82	449342	31296.7	480638	76.3478
16 83	453722	37223.9	490946	53.0483
16 84	400144	25907	426051	37.208
16 85	417731	32332.5	450063	82.7654
16 86	428595	37237.5	465832	46.9449
16 87	427855	30638.9	458494	35.1162
16 88	393809	29657.7	423467	40.4027
16 89	455242	41038.9	496281	30.2244
16 90	437898	31317.9	469216	63.4725
16 91	441102	29038.3	470140	32.5109
16 92	433826	32541.9	466368	28.9473
16 93	480979	44470.4	525449	37.0214
16 94	418046	24571.7	442617	40.2507
16 95	441263	32420.4	473683	50.0171
16 96	422787	35238.2	458025	123.019
16 97	433553	31580.1	465133	47.6715
16 98	418659	33341.1	452000	53.2653
16 99	498258	43634.4	541893	29.7974
16 100	396197	27754.1	423951	48.8794
16 101	470907	33327.6	504235	30.414
16 102	434409	28668.8	463078	47.1237
16 103	416643	25722.7	442365	30.3048
16 104	500324	61683.4	562007	39.1806
16 105	394108	31123.2	425231	39.081
16 106	446053	28406.1	474459	37.9263
16 107	421670	34026.4	455696	29.6912
16 108	425095	29109.3	454204	33.5935
16 109	405498	33625.5	439123	26.9736
16 110	421444	29469.3	450913	46.1491
16 111	468686	36329.5	505015	21.3688
16 112	421311	32074.6	453386	40.2141
16 113	468854	51888.5	520742	30.7904
16 114	427174	34639.5	461814	37.7775
16 115	445447	56178.9	501626	129.234
16 116	697217	164511	861729	74.7383
16 117	416523	34850.4	451373	62.9578
16 118	434479	37158.6	471638	39.1932
16 119	442254	47676.9	489931	65.8129
16 120	423870	42077.3	465947	26.8604
16 121	382814	46194.9	429008	55.3105
16 122	428489	37561.6	466050	42.9267
16 123	453810	33475.1	487285	42.0364
16 124	472677	31632.4	504310	24.5886
16 125	444474	37507.9	481982	28.3953
16 126	401810	32712.9	434523	32.4858
16 127	423496	27406.3	450902	35.8875
16 128	428838	33018.8	461856	33.2862
16 129	497010	52219.6	549230	30.9715
16 130	390490	28765.5	419255	44.2811
16 131	449330	31587.1	480917	35.7142
16 132	402827	27511.1	430338	32.8228
16 133	432027	31128.4	463156	38.6869
16 134	443584	29622.8	473207	72.2012
16 135	427458	34534.8	461993	48.3543
16 136	405560	38536	444096	36.8221
16 137	414770	32504.4	447275	29.389
16 138	434780	29534.5	464315	31.9873
16 139	437906	53889.4	491795	91.7696
16 140	424419	29818.6	454238	43.39
16 141	439359	34025.9	473385	36.4074
16 142	403052	35570.7	438622	45.4574
16 143	462063	41195.2	503259	44.768
16 144	419318	26122.2	445440	33.5409
16 145	425399	27110.2	452510	31.4161
 1849.45, 30.4286, 16.3241, 1.00546, 0.343355, 0.205285, 0.137726, 0.0979547,
17 1	465658	34366.6	500024	28.2041
17 2	631128	158904	790032	60.5345
17 3	416927	37778	454705	54.8773
17 4	469486	30997.3	500483	33.0875
17 5	409271	32747.6	442018	48.056
17 6	484828	39380.6	524209	28.1507
17 7	468623	47997.3	516621	20.8131
17 8	485474	36196.8	521671	24.9895
17 9	494145	50742.9	544888	23.3276
17 10	479519	34307.8	513827	27.7892
17 11	470126	38513.6	508640	27.1998
17 12	389069	29660.3	418729	28.223
17 13	467872	31900.6	499773	22.0983
17 14	460503	35096.6	495600	25.4752
17 15	460875	47637.7	508513	24.0938
17 16	459339	37513.9	496853	69.7787
17 17	427054	31872.6	458927	32.9811
17 18	474228	47693.8	521922	30.7781
17 19	422377	40573.8	462951	31.366
17 20	444625	26773.1	471398	35.5649
17 21	481442	36118.4	517560	25.4365
17 22	454578	29260.9	483839	47.4267
17 23	471245	29641.6	500887	41.3324
17 24	417157	33673.9	450831	26.3734
17 25	448639	45669	494308	31.96
17 26	473155	49024.6	522180	33.3194
17 27	427132	40914.6	468047	36.1401
17 28	455764	31693.1	487457	39.582
17 29	448703	37599	486302	27.608
17 30	391177	34741.1	425918	33.5671
17 31	424189	33291.4	457480	29.1796
17 32	438647	35316.2	473964	27.7378
17 33	446066	29983.8	476049	46.3516
17 34	449669	33814.3	483483	37.0285
17 35	403242	26976.8	430219	25.8551
17 36	410077	32131.7	442209	25.2686
17 37	412238	35755	447993	21.8125
17 38	439271	36978.8	476249	19.89
17 39	418049	28637.3	446686	31.4181
17 40	417580	27924.5	445504	48.3459
17 41	475699	39974.1	515673	24.1108
17 42	414222	26794.3	441016	43.9933
17 43	455355	33310.5	488665	26.9536
17 44	450323	30437.9	480761	26.6476
17 45	483428	29175.8	512604	62.9337
17 46	479005	54486	533491	27.4798
17 47	417503	34232.2	451735	24.4313
17 48	409913	28388.2	438301	25.0122
17 49	447647	30391.1	478038	52.2613
17 50	404993	27200.4	432193	33.7878
17 51	397759	43127.3	440886	39.2918
17 52	428028	36784.3	464812	32.6776
17 53	575455	56118.8	631574	51.365
17 54	418083	38304.8	456388	28.8609
17 55	401244	28332.2	429576	31.0403
17 56	408182	29115.3	437297	32.1965
17 57	405090	28232.6	433323	31.2956
17 58	431641	28455.4	460096	40.1664
17 59	400136	28675.9	428812	43.8709
17 60	449832	33051.8	482884	27.3582
17 61	424086	35378.6	459464	31.2186
17 62	425207	40066.6	465274	35.5592
17 63	419917	31534.5	451451	37.8027
17 64	383666	26648.6	410314	36.6133
17 65	469229	75852	545082	35.9132
17 66	426470	38019.1	464489	27.5807
17 67	444738	30191.1	474929	31.087
17 68	407586	30384.6	437971	35.6861
17 69	452648	42433.3	495081	50.6335
17 70	417374	28997.1	446371	31.3209
17 71	434709	29288.7	463997	29.71
17 72	416172	29737.8	445910	25.8052
17 73	417491	31637.1	449128	27.2042
17 74	431571	38328.2	469899	27.9088
17 75	411309	29696.6	441006	31.4241
17 76	490023	50607.7	540630	47.4641
17 77	421750	36420.1	458170	27.8291
17 78	416460	30476.6	446936	26.7184
17 79	424406	38587.6	462993	26.2781
17 80	469124	37042.8	506167	41.8826
17 81	430665	30981.3	461646	35.341
17 82	448165	32094.3	480260	31.4661
17 83	453191	37576.6	490768	77.9346
17 84	399531	26298.8	425830	30.9126
17 85	416671	33085.7	449757	29.7955
17 86	428078	37346.5	465425	51.9666
17 87	427213	31055.2	458268	28.2396
17 88	393243	29646.5	422890	60.2522
17 89	454697	41221.6	495919	28.0901
17 90	437070	31722.5	468793	30.0926
17 91	440666	29311.8	469978	29.25
17 92	433312	32861.3	466173	23.0804
17 93	480074	45014.5	525088	25.3655
17 94	417472	24907.8	442380	37.1395
17 95	440532	32779.2	473312	31.6951
17 96	420497	36025.7	456523	44.5147
17 97	432755	32070.4	464826	26.168
17 98	418007	33838.6	451845	55.3353
17 99	497286	44181.2	541467	25.5432
17 100	395571	28206.4	423778	32.4897
17 101	470238	33856.2	504094	33.1784
17 102	433857	29075.3	462932	39.1991
17 103	416117	26055.7	442172	26.0183
17 104	499276	62062.2	561339	26.2009
17 105	393648	31544.2	425192	39.8489
17 106	445396	28924.7	474321	31.4843
17 107	421037	34325.7	455363	24.8692
17 108	424608	29495.8	454104	37.8822
17 109	404832	34231.2	439063	24.1997
17 110	420829	29816.7	450645	29.7009
17 111	468025	36856.2	504881	18.1499
17 112	420648	32463.7	453112	29.121
17 113	468162	52011.7	520174	23.8599
17 114	426544	34862	461406	28.4131
17 115	443073	56422.9	499496	72.0307
17 116	693719	167097	860817	71.7644
17 117	415494	35509.7	451003	43.2722
17 118	433975	37291.7	471266	32.7465
17 119	441454	48444.3	489898	62.1992
17 120	423273	42757.6	466030	24.2223
17 121	381585	47272.8	428858	60.8483
17 122	427726	37891.9	465618	41.1669
17 123	453114	33849	486963	34.2124
17 124	472005	32132.5	504137	22.9442
17 125	443932	38043	481975	27.192
17 126	401143	33231.2	434374	37.372
17 127	422819	27322.3	450141	67.553
17 128	428172	33574.9	461747	26.9052
17 129	496293	52521.5	548814	27.7806
17 130	389875	29219.8	419095	36.0937
17 131	448757	31949.8	480706	31.5531
17 132	402257	27946	430203	25.7894
17 133	431365	31596.2	462961	33.1407
17 134	442661	30049.5	472710	32.5055
17 135	426803	35075	461878	34.4228
17 136	404847	39186.4	444033	24.9347
17 137	414134	33014.6	447149	23.8005
17 138	434065	30037.9	464103	27.3766
17 139	436073	54640.9	490714	36.086
17 140	423833	30309.3	454142	40.6703
17 141	438758	34313.3	473071	27.1805
17 142	402312	36254.5	438567	52.2786
17 143	461250	41471.3	502721	33.9741
17 144	418751	26510.9	445262	30.5444
17 145	424848	27541.2	452389	27.5041
 1849.44, 30.3957, 16.3115, 1.00458, 0.343142, 0.205147, 0.13763, 0.0978884,
18 1	465189	34789.3	499979	27.0619
18 2	627352	162062	789414	56.5095
18 3	416491	38342.8	454834	58.8518
18 4	469017	31453.4	500471	42.7678
18 5	408887	33163.7	442051	48.0854
18 6	485178	39755.5	524934	81.2468
18 7	468105	48459.2	516564	29.3856
18 8	485002	36633.8	521636	23.6629
18 9	493606	51147.9	544754	28.5511
18 10	479093	34852.3	513945	28.7651
18 11	469566	38945.6	508511	27.6984
18 12	388648	30102.6	418751	31.6392
18 13	467435	32295.8	499731	23.7146
18 14	460065	35629	495694	24.6461
18 15	460350	48068	508418	23.4165
18 16	459082	38496.2	497579	72.5308
18 17	426701	32356.5	459057	43.8684
18 18	473718	47991.7	521710	29.8595
18 19	421970	41178.9	463149	44.1515
18 20	444415	27122.8	471538	67.8417
18 21	480885	36683.1	517569	23.3878
18 22	454687	29391.2	484078	80.7616
18 23	470932	30039.6	500971	55.5084
18 24	416732	34143.9	450876	32.0578
18 25	449113	45645.3	494758	93.1081
18 26	472731	49356.4	522088	37.4526
18 27	426759	41578.5	468337	50.2298
18 28	455401	32144.2	487545	44.0564
18 29	448284	38167.8	486452	37.527
18 30	390739	35257.8	425997	36.6948
18 31	423676	33866.1	457542	28.5782
18 32	438106	35864.7	473971	26.0992
18 33	445830	30155.9	475986	54.3848
18 34	449136	34284.2	483420	32.4377
18 35	402803	27312.2	430116	28.2155
18 36	409460	32688.9	442149	24.4605
18 37	411754	36279.7	448034	21.7802
18 38	438817	37471.8	476288	20.549
18 39	417839	28955.4	446795	58.2476
18 40	417118	28378.7	445497	35.149
18 41	475095	40408.9	515504	24.368
18 42	413636	27371.2	441007	33.0704
18 43	454955	33771.8	488727	45.5356
18 44	449792	30903.6	480695	25.7682
18 45	482795	29941.7	512737	40.2043
18 46	478363	54922.8	533285	27.2819
18 47	416984	34856.9	451840	23.3014
18 48	409493	28716.2	438209	25.6525
18 49	447393	31000.9	478394	75.4782
18 50	404625	27555.8	432181	30.9971
18 51	397449	43391	440840	48.5149
18 52	427918	36955.6	464874	58.1523
18 53	574764	56898.7	631663	43.3441
18 54	417647	38834.7	456482	46.7308
18 55	400797	28837.2	429634	30.9302
18 56	407766	29470.8	437237	36.1818
18 57	404717	28527.1	433244	38.9279
18 58	431234	28899.5	460134	40.025
18 59	399712	29066.3	428778	37.6863
18 60	449369	33504.4	482873	26.0692
18 61	423566	35904.4	459470	31.3361
18 62	424658	40607.9	465266	33.3116
18 63	419791	31891.3	451683	60.41
18 64	383279	27059.6	410338	41.8518
18 65	468459	76171	544630	29.9446
18 66	426039	38503.7	464542	31.7353
18 67	444316	30585.6	474901	30.0247
18 68	407282	30770.7	438053	51.5038
18 69	452140	43148	495288	45.3691
18 70	416849	29516	446365	34.1703
18 71	434518	29677.3	464196	67.0488
18 72	415677	30282.2	445959	33.7529
18 73	417114	32136.9	449251	37.6214
18 74	431086	38787.9	469874	32.1884
18 75	410950	30094.7	441045	41.63
18 76	490579	50514.5	541094	84.3519
18 77	421600	36922.8	458523	52.7038
18 78	416038	30934.9	446973	36.3095
18 79	424072	39000.3	463072	57.9918
18 80	468543	37427.6	505971	30.2936
18 81	430440	31401.8	461842	59.1599
18 82	448241	32302.1	480543	70.4106
18 83	452470	38167.8	490638	50.9838
18 84	399160	26677.9	425838	38.9672
18 85	416673	33455.3	450128	83.9446
18 86	427482	37672.5	465155	30.9732
18 87	426714	31568.4	458282	38.6979
18 88	392726	30128	422855	42.4296
18 89	454176	41543.1	495719	27.9452
18 90	436955	32111.2	469066	70.1008
18 91	440130	29849.1	469980	29.572
18 92	432727	33453.2	466181	25.1248
18 93	479557	45493.5	525050	25.3563
18 94	417142	25274.1	442416	40.3602
18 95	440172	33009.6	473182	43.9165
18 96	420931	35784.7	456716	108.641
18 97	432265	32535.7	464801	41.9881
18 98	417769	34828.1	452597	52.64
18 99	496631	44750	541381	25.1703
18 100	395312	28610.1	423922	51.4171
18 101	469718	34415.6	504134	27.7416
18 102	433519	29517.4	463036	47.5426
18 103	415662	26439.9	442102	26.5962
18 104	498729	62388.4	561117	33.7322
18 105	393099	32102.7	425202	37.1341
18 106	444991	29383.4	474375	37.053
18 107	420534	34702.1	455236	28.0748
18 108	424136	29965	454101	30.6671
18 109	404388	34778.2	439167	23.4748
18 110	420365	30228.5	450593	40.7785
18 111	467601	37311.5	504912	17.1397
18 112	420168	32913.2	453082	39.2678
18 113	467684	52208.7	519893	23.0272
18 114	425993	35229.7	461223	26.6937
18 115	441532	56626.5	498158	72.2457
18 116	688186	172206	860392	69.8098
18 117	415922	35835.6	451758	73.1548
18 118	433527	37549.3	471077	37.8005
18 119	441072	49345.7	490418	62.1716
18 120	422692	43464.8	466157	23.1104
18 121	381453	47612.3	429065	59.0436
18 122	427334	38195.4	465530	47.1217
18 123	452845	34261.8	487107	47.7844
18 124	471537	32633.6	504171	21.7202
18 125	443494	38625.6	482120	25.1385
18 126	400558	33748.1	434306	30.0089
18 127	422339	27792.3	450131	34.7877
18 128	427701	34179.4	461880	25.2968
18 129	495735	52941.9	548677	28.6099
18 130	389485	29646	419131	40.3447
18 131	448218	32492.5	480711	36.0917
18 132	401877	28371.6	430249	30.9295
18 133	430844	32156.1	463000	31.7939
18 134	442652	30280.7	472933	71.1142
18 135	426260	35623.2	461883	50.4232
18 136	404418	39751.1	444170	25.5599
18 137	413717	33482.9	447200	26.6462
18 138	433613	30517.6	464130	29.0356
18 139	436205	54843.5	491048	87.5948
18 140	423348	30863.5	454211	39.337
18 141	438324	34659.9	472984	32.9545
18 142	401879	36700.6	438579	44.8405
18 143	460692	41863.2	502555	40.3722
18 144	418299	26949.5	445249	35.1726
18 145	424403	28023.9	452427	28.5722
 1849.6, 30.4016, 16.324, 1.00511, 0.343205, 0.205196, 0.137651, 0.0979079,
Done    'Run Dartel (create Templates)'
Running 'Make Directory'
Done    'Make Directory'
Running 'Move/Delete Files'
Done    'Move/Delete Files'
Done

